Device Name,1L
Device Model,Kestrel DROP 2
Serial Number,3076427
FORMATTED DATE_TIME,Temperature,Relative Humidity,Heat Index,Dew Point,Data Type,Record name,Start time,Duration (H:M:S),Location description,Location address,Location coordinates,Notes
yyyy-MM-dd hh:mm:ss a,°C,%,°C,°C
2000-01-01 12:10:00 AM,23.8,33.5,22.2,6.8,point
2000-01-01 12:20:00 AM,23.2,34.3,21.8,6.7,point
2000-01-01 12:30:00 AM,23.0,34.1,21.6,6.4,point
2000-01-01 12:40:00 AM,23.0,34.8,21.6,6.6,point
2000-01-01 12:50:00 AM,22.8,34.0,21.4,6.1,point
2000-01-01 01:00:00 AM,22.8,35.0,21.4,6.5,point
2000-01-01 01:10:00 AM,22.8,34.7,21.4,6.4,point
2000-01-01 01:20:00 AM,22.6,34.8,21.3,6.3,point
2000-01-01 01:30:00 AM,22.7,34.9,21.4,6.5,point
2000-01-01 01:40:00 AM,22.7,35.1,21.4,6.5,point
2000-01-01 01:50:00 AM,22.8,34.6,21.5,6.4,point
2000-01-01 02:00:00 AM,22.9,34.5,21.6,6.5,point
2025-06-09 10:30:00 AM,25.1,19.5,22.5,0.2,point
2025-06-09 11:00:00 AM,23.3,19.1,21.1,-1.5,point
2025-06-09 11:30:00 AM,23.7,18.8,21.3,-1.4,point
2025-06-09 12:00:00 PM,23.8,18.1,21.3,-1.8,point
2025-06-09 12:30:00 PM,24.2,23.9,22.0,2.3,point
2025-06-09 01:00:00 PM,29.4,55.9,31.6,19.6,point
2025-06-09 01:30:00 PM,29.1,59.2,31.6,20.3,point
2025-06-09 02:00:00 PM,28.1,57.3,29.2,18.9,point
2025-06-09 02:30:00 PM,26.1,54.3,26.2,16.2,point
2025-06-09 03:00:00 PM,24.2,51.4,23.5,13.6,point
2025-06-09 03:30:00 PM,22.2,53.3,21.9,12.3,point
2025-06-09 04:00:00 PM,20.2,51.9,19.3,10.1,point
2025-06-09 04:30:00 PM,18.5,57.5,17.0,9.9,point
2025-06-09 05:00:00 PM,18.0,58.7,16.6,9.7,point
2025-06-09 05:30:00 PM,17.5,57.5,16.1,9.0,point
2025-06-09 06:00:00 PM,16.8,51.7,15.1,6.8,point
2025-06-09 06:30:00 PM,16.2,44.2,14.3,4.1,point
2025-06-09 07:00:00 PM,15.6,38.4,13.5,1.5,point
2025-06-09 07:30:00 PM,15.0,36.3,12.9,0.2,point
2025-06-09 08:00:00 PM,14.6,50.1,13.0,4.3,point
2025-06-09 08:30:00 PM,14.2,52.4,12.7,4.6,point
2025-06-09 09:00:00 PM,14.3,52.1,12.8,4.6,point
2025-06-09 09:30:00 PM,14.2,49.8,12.8,3.9,point
2025-06-09 10:00:00 PM,14.2,44.7,12.4,2.3,point
2025-06-09 10:30:00 PM,14.1,41.2,12.4,1.1,point
2025-06-09 11:00:00 PM,14.2,41.0,12.4,1.2,point
2025-06-09 11:30:00 PM,15.1,40.6,13.1,1.8,point
2025-06-10 12:00:00 AM,16.4,36.8,14.2,1.6,point
2025-06-10 12:30:00 AM,16.5,36.7,14.2,1.6,point
2025-06-10 01:00:00 AM,16.5,47.9,14.6,5.4,point
2025-06-10 01:30:00 AM,16.5,47.7,14.6,5.4,point
2025-06-10 02:00:00 AM,16.4,40.7,14.2,3.0,point
2025-06-10 02:30:00 AM,16.4,38.7,14.3,2.3,point
2025-06-10 03:00:00 AM,16.5,38.0,14.2,2.1,point
2025-06-10 03:30:00 AM,16.5,38.3,14.3,2.3,point
2025-06-10 04:00:00 AM,16.3,37.9,14.1,1.9,point
2025-06-10 04:30:00 AM,16.4,38.0,14.2,2.1,point
2025-06-10 05:00:00 AM,16.4,38.0,14.2,2.1,point
2025-06-10 05:30:00 AM,16.4,37.9,14.2,2.0,point
2025-06-10 06:00:00 AM,16.5,38.4,14.3,2.3,point
2025-06-10 06:30:00 AM,16.5,38.2,14.3,2.3,point
2025-06-10 07:00:00 AM,16.9,38.0,14.5,2.5,point
2025-06-10 07:30:00 AM,17.4,38.0,15.1,3.0,point
2025-06-10 08:00:00 AM,17.9,37.4,15.4,3.1,point
2025-06-10 08:30:00 AM,18.4,36.9,16.0,3.5,point
2025-06-10 09:00:00 AM,19.7,45.0,18.2,7.4,point
2025-06-10 09:30:00 AM,20.7,47.8,19.7,9.2,point
2025-06-10 10:00:00 AM,22.4,45.0,21.6,9.9,point
2025-06-10 10:30:00 AM,24.0,40.8,22.8,9.9,point
2025-06-10 11:00:00 AM,26.0,44.3,25.1,12.9,point
2025-06-10 11:30:00 AM,28.4,43.2,28.1,14.7,point
2025-06-10 12:00:00 PM,29.5,41.5,29.6,15.1,point
2025-06-10 12:30:00 PM,30.6,40.3,30.9,15.6,point
2025-06-10 01:00:00 PM,29.9,36.7,29.5,13.5,point
2025-06-10 01:30:00 PM,29.2,44.1,29.4,15.7,point
2025-06-10 02:00:00 PM,28.8,43.1,28.7,15.0,point
2025-06-10 02:30:00 PM,26.4,44.7,25.7,13.5,point
2025-06-10 03:00:00 PM,24.2,46.3,23.2,11.9,point
2025-06-10 03:30:00 PM,22.3,45.9,21.6,10.1,point
2025-06-10 04:00:00 PM,20.3,45.0,19.0,8.0,point
2025-06-10 04:30:00 PM,18.5,39.6,16.1,4.5,point
2025-06-10 05:00:00 PM,17.9,38.3,15.5,3.5,point
2025-06-10 05:30:00 PM,17.4,37.9,15.1,2.9,point
2025-06-10 06:00:00 PM,16.9,37.6,14.5,2.3,point
2025-06-10 06:30:00 PM,16.2,38.2,14.0,1.9,point
2025-06-10 07:00:00 PM,15.8,39.2,13.7,1.9,point
2025-06-10 07:30:00 PM,15.0,39.1,13.1,1.2,point
2025-06-10 08:00:00 PM,14.7,39.7,12.8,1.2,point
2025-06-10 08:30:00 PM,14.2,40.2,12.3,0.8,point
2025-06-10 09:00:00 PM,14.2,40.3,12.3,0.9,point
2025-06-10 09:30:00 PM,14.3,40.4,12.5,1.0,point
2025-06-10 10:00:00 PM,14.2,40.2,12.3,0.9,point
2025-06-10 10:30:00 PM,14.2,41.4,12.4,1.3,point
2025-06-10 11:00:00 PM,14.2,43.6,12.4,2.0,point
2025-06-10 11:30:00 PM,15.1,45.4,13.3,3.4,point
2025-06-11 12:00:00 AM,16.4,42.2,14.3,3.5,point
2025-06-11 12:30:00 AM,16.4,43.0,14.5,3.8,point
2025-06-11 01:00:00 AM,16.5,43.8,14.5,4.1,point
2025-06-11 01:30:00 AM,16.5,44.6,14.6,4.4,point
2025-06-11 02:00:00 AM,16.5,45.3,14.6,4.7,point
2025-06-11 02:30:00 AM,16.5,46.1,14.6,4.9,point
2025-06-11 03:00:00 AM,16.5,46.6,14.6,5.0,point
2025-06-11 03:30:00 AM,16.4,46.9,14.5,5.0,point
2025-06-11 04:00:00 AM,16.4,47.0,14.6,5.0,point
2025-06-11 04:30:00 AM,16.5,47.4,14.6,5.3,point
2025-06-11 05:00:00 AM,16.4,47.5,14.6,5.3,point
2025-06-11 05:30:00 AM,16.4,47.7,14.6,5.2,point
2025-06-11 06:00:00 AM,16.4,47.9,14.6,5.3,point
2025-06-11 06:30:00 AM,16.6,48.3,14.7,5.6,point
2025-06-11 07:00:00 AM,17.0,47.9,15.1,5.9,point
2025-06-11 07:30:00 AM,17.3,46.9,15.4,5.9,point
2025-06-11 08:00:00 AM,17.9,45.6,15.8,6.0,point
2025-06-11 08:30:00 AM,18.4,44.7,16.3,6.2,point
2025-06-11 09:00:00 AM,19.6,42.5,18.0,6.6,point
2025-06-11 09:30:00 AM,21.0,39.8,19.9,6.9,point
2025-06-11 10:00:00 AM,22.3,37.2,21.2,7.0,point
2025-06-11 10:30:00 AM,24.3,46.7,23.3,12.2,point
2025-06-11 11:00:00 AM,25.9,45.5,25.2,13.3,point
2025-06-11 11:30:00 AM,28.2,39.9,27.5,13.3,point
2025-06-11 12:00:00 PM,29.6,43.4,30.1,15.8,point
2025-06-11 12:30:00 PM,31.1,44.0,32.3,17.4,point
2025-06-11 01:00:00 PM,30.2,44.1,31.1,16.7,point
2025-06-11 01:30:00 PM,29.2,44.3,29.5,15.8,point
2025-06-11 02:00:00 PM,28.2,45.0,28.1,15.1,point
2025-06-11 02:30:00 PM,26.3,44.9,25.5,13.4,point
2025-06-11 03:00:00 PM,24.2,35.9,22.7,8.2,point
2025-06-11 03:30:00 PM,22.5,48.8,21.9,11.2,point
2025-06-11 04:00:00 PM,20.5,56.1,19.9,11.4,point
2025-06-11 04:30:00 PM,18.5,58.0,17.0,10.1,point
2025-06-11 05:00:00 PM,18.1,58.6,16.7,9.9,point
2025-06-11 05:30:00 PM,17.4,56.8,16.0,8.8,point
2025-06-11 06:00:00 PM,16.9,53.1,15.3,7.3,point
2025-06-11 06:30:00 PM,16.4,48.0,14.6,5.4,point
2025-06-11 07:00:00 PM,15.7,47.1,13.9,4.5,point
2025-06-11 07:30:00 PM,15.1,46.7,13.4,3.8,point
2025-06-11 08:00:00 PM,14.6,47.5,13.0,3.6,point
2025-06-11 08:30:00 PM,14.2,49.1,12.8,3.7,point
2025-06-11 09:00:00 PM,14.3,49.8,12.8,4.0,point
2025-06-11 09:30:00 PM,14.2,49.4,12.7,3.7,point
2025-06-11 10:00:00 PM,14.1,49.5,12.7,3.7,point
2025-06-11 10:30:00 PM,14.3,50.8,12.9,4.2,point
2025-06-11 11:00:00 PM,14.3,51.6,12.9,4.5,point
2025-06-11 11:30:00 PM,15.1,51.6,13.6,5.2,point
2025-06-12 12:00:00 AM,16.4,46.6,14.6,4.9,point
2025-06-12 12:30:00 AM,16.4,46.0,14.6,4.8,point
2025-06-12 01:00:00 AM,16.4,45.8,14.6,4.7,point
2025-06-12 01:30:00 AM,16.5,45.4,14.6,4.6,point
2025-06-12 02:00:00 AM,16.6,45.2,14.6,4.7,point
2025-06-12 02:30:00 AM,16.4,45.0,14.6,4.5,point
2025-06-12 03:00:00 AM,16.6,44.9,14.6,4.6,point
2025-06-12 03:30:00 AM,16.5,44.8,14.5,4.5,point
2025-06-12 04:00:00 AM,16.4,44.6,14.5,4.3,point
2025-06-12 04:30:00 AM,16.5,45.4,14.6,4.6,point
2025-06-12 05:00:00 AM,16.4,46.1,14.5,4.7,point
2025-06-12 05:30:00 AM,16.5,46.9,14.6,5.1,point
2025-06-12 06:00:00 AM,16.5,47.5,14.6,5.3,point
2025-06-12 06:30:00 AM,16.4,47.6,14.6,5.2,point
2025-06-12 07:00:00 AM,16.9,47.2,15.0,5.6,point
2025-06-12 07:30:00 AM,17.4,46.5,15.4,5.8,point
2025-06-12 08:00:00 AM,17.9,45.4,15.9,6.0,point
2025-06-12 08:30:00 AM,18.4,44.2,16.3,6.0,point
2025-06-12 09:00:00 AM,19.7,41.9,18.0,6.4,point
2025-06-12 09:30:00 AM,21.0,39.4,19.9,6.7,point
2025-06-12 10:00:00 AM,22.4,36.7,21.2,6.9,point
2025-06-12 10:30:00 AM,24.5,46.6,23.6,12.3,point
2025-06-12 11:00:00 AM,26.1,49.1,25.7,14.6,point
2025-06-12 11:30:00 AM,27.7,42.0,27.0,13.6,point
2025-06-12 12:00:00 PM,29.1,39.3,28.8,13.9,point
2025-06-12 12:30:00 PM,30.5,47.9,32.3,18.2,point
2025-06-12 01:00:00 PM,29.8,48.3,31.2,17.7,point
2025-06-12 01:30:00 PM,28.8,43.4,28.7,15.1,point
2025-06-12 02:00:00 PM,27.6,40.4,26.8,12.9,point
2025-06-12 02:30:00 PM,25.8,41.7,24.6,11.8,point
2025-06-12 03:00:00 PM,23.5,44.7,22.5,10.8,point
2025-06-12 03:30:00 PM,22.0,47.3,21.3,10.2,point
2025-06-12 04:00:00 PM,19.8,50.7,18.6,9.3,point
2025-06-12 04:30:00 PM,18.0,54.3,16.4,8.6,point
2025-06-12 05:00:00 PM,17.4,56.4,15.9,8.6,point
2025-06-12 05:30:00 PM,17.0,56.9,15.6,8.4,point
2025-06-12 06:00:00 PM,16.9,57.2,15.5,8.3,point
2025-06-12 06:30:00 PM,15.9,59.1,14.7,7.9,point
2025-06-12 07:00:00 PM,15.2,62.7,14.1,8.1,point
2025-06-12 07:30:00 PM,14.8,64.8,13.9,8.2,point
2025-06-12 08:00:00 PM,14.5,66.5,13.7,8.3,point
2025-06-12 08:30:00 PM,13.9,66.8,13.2,7.8,point
2025-06-12 09:00:00 PM,14.0,66.8,13.2,7.9,point
2025-06-12 09:30:00 PM,13.8,65.9,13.1,7.5,point
2025-06-12 10:00:00 PM,14.0,65.6,13.1,7.7,point
2025-06-12 10:30:00 PM,13.8,64.5,13.0,7.2,point
2025-06-12 11:00:00 PM,13.9,63.7,13.0,7.2,point
2025-06-12 11:30:00 PM,14.7,63.0,13.8,7.8,point
2025-06-13 12:00:00 AM,16.3,57.5,14.9,7.9,point
2025-06-13 12:30:00 AM,16.1,56.3,14.7,7.4,point
2025-06-13 01:00:00 AM,16.0,55.9,14.6,7.3,point
2025-06-13 01:30:00 AM,16.0,55.8,14.6,7.2,point
2025-06-13 02:00:00 AM,16.1,55.8,14.7,7.3,point
2025-06-13 02:30:00 AM,16.2,55.5,14.8,7.3,point
2025-06-13 03:00:00 AM,16.2,55.3,14.8,7.3,point
2025-06-13 03:30:00 AM,16.2,54.8,14.7,7.1,point
2025-06-13 04:00:00 AM,16.1,54.8,14.6,7.0,point
2025-06-13 04:30:00 AM,16.2,55.2,14.7,7.2,point
2025-06-13 05:00:00 AM,16.2,54.9,14.7,7.1,point
2025-06-13 05:30:00 AM,16.0,54.4,14.5,6.8,point
2025-06-13 06:00:00 AM,16.1,54.5,14.6,6.9,point
2025-06-13 06:30:00 AM,16.1,54.8,14.7,7.0,point
2025-06-13 07:00:00 AM,16.6,53.8,15.1,7.2,point
2025-06-13 07:30:00 AM,17.0,52.5,15.5,7.2,point
2025-06-13 08:00:00 AM,17.5,51.5,15.8,7.4,point
2025-06-13 08:30:00 AM,18.2,50.7,16.4,7.8,point
2025-06-13 09:00:00 AM,19.4,48.5,18.0,8.3,point
2025-06-13 09:30:00 AM,20.4,46.0,19.3,8.4,point
2025-06-13 10:00:00 AM,22.2,42.8,21.4,9.0,point
2025-06-13 10:30:00 AM,23.5,39.8,22.3,9.1,point
2025-06-13 11:00:00 AM,25.9,46.3,25.1,13.4,point
2025-06-13 11:30:00 AM,27.3,49.5,27.4,15.8,point
2025-06-13 12:00:00 PM,29.2,45.0,29.7,16.1,point
2025-06-13 12:30:00 PM,30.5,41.8,31.0,16.0,point
2025-06-13 01:00:00 PM,29.7,48.4,30.9,17.6,point
2025-06-13 01:30:00 PM,28.7,47.9,29.3,16.6,point
2025-06-13 02:00:00 PM,27.6,48.4,27.7,15.7,point
2025-06-13 02:30:00 PM,25.9,49.7,25.4,14.6,point
2025-06-13 03:00:00 PM,23.9,51.5,23.2,13.3,point
2025-06-13 03:30:00 PM,22.0,53.6,21.6,12.2,point
2025-06-13 04:00:00 PM,20.0,54.5,19.0,10.5,point
2025-06-13 04:30:00 PM,18.1,53.9,16.4,8.6,point
2025-06-13 05:00:00 PM,17.7,49.2,15.9,6.9,point
2025-06-13 05:30:00 PM,17.3,45.6,15.4,5.5,point
2025-06-13 06:00:00 PM,16.6,43.2,14.6,4.1,point
2025-06-13 06:30:00 PM,16.1,42.7,14.1,3.5,point
2025-06-13 07:00:00 PM,15.5,42.9,13.5,2.9,point
2025-06-13 07:30:00 PM,15.0,43.1,13.1,2.5,point
2025-06-13 08:00:00 PM,14.5,43.3,12.8,2.2,point
2025-06-13 08:30:00 PM,13.8,43.5,12.2,1.6,point
2025-06-13 09:00:00 PM,14.1,43.4,12.3,1.8,point
2025-06-13 09:30:00 PM,14.0,43.0,12.3,1.6,point
2025-06-13 10:00:00 PM,14.0,42.8,12.3,1.6,point
2025-06-13 10:30:00 PM,14.0,42.8,12.2,1.5,point
2025-06-13 11:00:00 PM,14.1,43.0,12.3,1.7,point
2025-06-13 11:30:00 PM,14.8,43.1,13.1,2.4,point
2025-06-14 12:00:00 AM,16.3,39.5,14.1,2.5,point
2025-06-14 12:30:00 AM,16.2,40.4,14.1,2.8,point
2025-06-14 01:00:00 AM,16.4,41.5,14.3,3.2,point
2025-06-14 01:30:00 AM,16.3,42.2,14.3,3.5,point
2025-06-14 02:00:00 AM,16.2,42.4,14.1,3.4,point
2025-06-14 02:30:00 AM,16.2,41.9,14.2,3.3,point
2025-06-14 03:00:00 AM,16.2,41.2,14.2,3.0,point
2025-06-14 03:30:00 AM,16.3,40.8,14.2,3.0,point
2025-06-14 04:00:00 AM,16.3,40.2,14.1,2.7,point
2025-06-14 04:30:00 AM,16.2,40.1,14.0,2.6,point
2025-06-14 05:00:00 AM,16.3,40.3,14.1,2.8,point
2025-06-14 05:30:00 AM,16.3,40.6,14.2,2.9,point
2025-06-14 06:00:00 AM,16.3,40.5,14.1,2.9,point
2025-06-14 06:30:00 AM,16.5,40.7,14.3,3.1,point
2025-06-14 07:00:00 AM,16.9,39.9,14.6,3.1,point
2025-06-14 07:30:00 AM,17.2,38.9,15.0,3.1,point
2025-06-14 08:00:00 AM,17.8,38.4,15.4,3.5,point
2025-06-14 08:30:00 AM,18.3,37.9,15.9,3.7,point
2025-06-14 09:00:00 AM,19.5,40.2,17.7,5.7,point
2025-06-14 09:30:00 AM,20.9,49.2,20.2,9.9,point
2025-06-14 10:00:00 AM,22.1,47.8,21.5,10.5,point
2025-06-14 10:30:00 AM,24.2,39.9,22.9,9.7,point
2025-06-14 11:00:00 AM,25.9,46.4,25.1,13.5,point
2025-06-14 11:30:00 AM,27.8,44.2,27.3,14.5,point
2025-06-14 12:00:00 PM,29.4,42.5,29.5,15.3,point
2025-06-14 12:30:00 PM,30.6,38.9,30.8,15.1,point
2025-06-14 01:00:00 PM,30.0,43.1,30.5,16.0,point
2025-06-14 01:30:00 PM,28.9,41.9,28.8,14.7,point
2025-06-14 02:00:00 PM,28.0,42.2,27.4,13.9,point
2025-06-14 02:30:00 PM,26.1,44.0,25.2,12.9,point
2025-06-14 03:00:00 PM,24.0,46.3,23.1,11.8,point
2025-06-14 03:30:00 PM,22.2,48.6,21.7,10.9,point
2025-06-14 04:00:00 PM,20.0,49.2,18.9,9.1,point
2025-06-14 04:30:00 PM,18.2,45.8,16.2,6.3,point
2025-06-14 05:00:00 PM,17.7,39.7,15.3,3.8,point
2025-06-14 05:30:00 PM,17.3,38.8,15.0,3.1,point
2025-06-14 06:00:00 PM,16.8,39.2,14.6,2.8,point
2025-06-14 06:30:00 PM,16.0,40.3,13.9,2.5,point
2025-06-14 07:00:00 PM,15.4,42.1,13.5,2.6,point
2025-06-14 07:30:00 PM,14.8,43.3,13.0,2.4,point
2025-06-14 08:00:00 PM,14.5,45.1,12.9,2.8,point
2025-06-14 08:30:00 PM,14.0,46.4,12.3,2.7,point
2025-06-14 09:00:00 PM,14.1,47.2,12.5,3.0,point
2025-06-14 09:30:00 PM,14.0,47.2,12.5,3.0,point
2025-06-14 10:00:00 PM,13.8,47.2,12.3,2.8,point
2025-06-14 10:30:00 PM,14.0,47.5,12.5,3.0,point
2025-06-14 11:00:00 PM,14.1,47.2,12.5,3.0,point
2025-06-14 11:30:00 PM,14.8,46.4,13.0,3.4,point
2025-06-15 12:00:00 AM,16.1,41.2,14.1,3.0,point
2025-06-15 12:30:00 AM,16.3,40.6,14.2,2.9,point
2025-06-15 01:00:00 AM,16.2,40.2,14.1,2.7,point
2025-06-15 01:30:00 AM,16.3,40.0,14.2,2.7,point
2025-06-15 02:00:00 AM,16.4,40.1,14.2,2.8,point
2025-06-15 02:30:00 AM,16.4,40.8,14.3,3.0,point
2025-06-15 03:00:00 AM,16.4,41.5,14.4,3.3,point
2025-06-15 03:30:00 AM,16.3,41.5,14.3,3.2,point
2025-06-15 04:00:00 AM,16.2,41.7,14.1,3.1,point
2025-06-15 04:30:00 AM,16.2,41.8,14.2,3.2,point
2025-06-15 05:00:00 AM,16.3,41.8,14.2,3.3,point
2025-06-15 05:30:00 AM,16.3,41.6,14.3,3.3,point
2025-06-15 06:00:00 AM,16.4,41.6,14.4,3.3,point
2025-06-15 06:30:00 AM,16.3,41.6,14.3,3.3,point
2025-06-15 07:00:00 AM,16.8,41.1,14.7,3.5,point
2025-06-15 07:30:00 AM,17.2,40.0,15.0,3.5,point
2025-06-15 08:00:00 AM,17.8,39.2,15.5,3.8,point
2025-06-15 08:30:00 AM,18.2,38.1,15.8,3.7,point
2025-06-15 09:00:00 AM,19.5,38.4,17.6,5.0,point
2025-06-15 09:30:00 AM,20.9,47.8,20.2,9.5,point
2025-06-15 10:00:00 AM,22.1,46.5,21.4,10.1,point
2025-06-15 10:30:00 AM,24.3,41.3,23.0,10.3,point
2025-06-15 11:00:00 AM,25.9,47.7,25.4,14.0,point
2025-06-15 11:30:00 AM,27.5,47.2,27.2,15.2,point
2025-06-15 12:00:00 PM,29.2,43.4,29.3,15.5,point
2025-06-15 12:30:00 PM,30.4,41.7,30.9,15.9,point
2025-06-15 01:00:00 PM,29.8,38.2,29.5,14.1,point
2025-06-15 01:30:00 PM,29.2,45.4,29.7,16.2,point
2025-06-15 02:00:00 PM,27.8,44.5,27.3,14.6,point
2025-06-15 02:30:00 PM,26.3,44.5,25.5,13.2,point
2025-06-15 03:00:00 PM,24.1,47.0,23.2,12.1,point
2025-06-15 03:30:00 PM,22.0,48.8,21.4,10.7,point
2025-06-15 04:00:00 PM,20.1,51.2,19.1,9.8,point
2025-06-15 04:30:00 PM,18.4,54.0,16.7,8.9,point
2025-06-15 05:00:00 PM,17.9,54.9,16.3,8.7,point
2025-06-15 05:30:00 PM,17.4,54.0,15.7,8.0,point
2025-06-15 06:00:00 PM,16.7,47.6,14.8,5.5,point
2025-06-15 06:30:00 PM,16.2,41.2,14.2,3.0,point
2025-06-15 07:00:00 PM,15.4,39.9,13.4,1.9,point
2025-06-15 07:30:00 PM,14.9,39.6,13.0,1.3,point
2025-06-15 08:00:00 PM,14.6,40.0,12.6,1.1,point
2025-06-15 08:30:00 PM,14.1,40.7,12.3,1.0,point
2025-06-15 09:00:00 PM,14.0,40.9,12.2,0.9,point
2025-06-15 09:30:00 PM,14.1,40.9,12.4,1.0,point
2025-06-15 10:00:00 PM,14.0,40.3,12.2,0.7,point
2025-06-15 10:30:00 PM,14.1,40.4,12.3,0.8,point
2025-06-15 11:00:00 PM,13.9,39.9,12.1,0.5,point
2025-06-15 11:30:00 PM,14.8,39.4,12.8,1.1,point
2025-06-16 12:00:00 AM,16.4,45.5,14.5,4.6,point
2025-06-16 12:30:00 AM,16.4,52.9,14.9,6.8,point
2025-06-16 01:00:00 AM,16.3,54.0,14.8,7.0,point
2025-06-16 01:30:00 AM,16.2,52.2,14.6,6.4,point
2025-06-16 02:00:00 AM,16.4,47.0,14.6,5.1,point
2025-06-16 02:30:00 AM,16.2,39.1,14.1,2.3,point
2025-06-16 03:00:00 AM,16.4,36.7,14.2,1.6,point
2025-06-16 03:30:00 AM,16.3,48.9,14.6,5.5,point
2025-06-16 04:00:00 AM,16.2,51.8,14.6,6.3,point
2025-06-16 04:30:00 AM,16.3,51.3,14.6,6.2,point
2025-06-16 05:00:00 AM,16.3,47.3,14.6,5.1,point
2025-06-16 05:30:00 AM,16.3,39.8,14.2,2.6,point
2025-06-16 06:00:00 AM,16.4,37.7,14.1,1.9,point
2025-06-16 06:30:00 AM,16.2,37.3,13.9,1.6,point
2025-06-16 07:00:00 AM,16.8,36.7,14.5,1.9,point
2025-06-16 07:30:00 AM,17.4,48.2,15.5,6.3,point
2025-06-16 08:00:00 AM,17.9,47.0,15.9,6.4,point
2025-06-16 08:30:00 AM,18.4,38.8,16.1,4.2,point
2025-06-16 09:00:00 AM,19.6,44.9,18.1,7.3,point
2025-06-16 09:30:00 AM,20.7,49.9,19.9,9.9,point
2025-06-16 10:00:00 AM,22.6,48.4,22.0,11.2,point
2025-06-16 10:30:00 AM,23.8,42.6,22.8,10.3,point
2025-06-16 11:00:00 AM,25.9,47.0,25.4,13.7,point
2025-06-16 11:30:00 AM,27.5,44.6,27.1,14.4,point
2025-06-16 12:00:00 PM,29.5,40.1,29.5,14.6,point
2025-06-16 12:30:00 PM,30.7,39.3,30.9,15.2,point
2025-06-16 01:00:00 PM,29.8,52.7,31.9,19.1,point
2025-06-16 01:30:00 PM,29.0,58.6,31.4,20.1,point
2025-06-16 02:00:00 PM,28.0,59.5,29.6,19.4,point
2025-06-16 02:30:00 PM,26.1,60.0,26.6,17.7,point
2025-06-16 03:00:00 PM,24.3,61.2,24.3,16.4,point
2025-06-16 03:30:00 PM,22.3,62.6,22.4,14.8,point
2025-06-16 04:00:00 PM,20.3,64.2,19.9,13.3,point
2025-06-16 04:30:00 PM,18.4,65.2,17.3,11.7,point
2025-06-16 05:00:00 PM,17.7,66.3,16.8,11.4,point
2025-06-16 05:30:00 PM,17.5,67.5,16.6,11.4,point
2025-06-16 06:00:00 PM,16.9,67.2,15.9,10.7,point
2025-06-16 06:30:00 PM,16.1,66.5,15.2,9.9,point
2025-06-16 07:00:00 PM,15.4,65.0,14.4,8.9,point
2025-06-16 07:30:00 PM,15.0,62.0,14.0,7.8,point
2025-06-16 08:00:00 PM,14.5,60.2,13.4,6.8,point
2025-06-16 08:30:00 PM,14.0,60.8,12.9,6.5,point
2025-06-16 09:00:00 PM,14.1,60.1,13.1,6.5,point
2025-06-16 09:30:00 PM,14.0,59.7,13.0,6.3,point
2025-06-16 10:00:00 PM,14.1,59.5,13.0,6.3,point
2025-06-16 10:30:00 PM,14.1,59.4,13.0,6.3,point
2025-06-16 11:00:00 PM,14.1,60.3,13.1,6.5,point
2025-06-16 11:30:00 PM,14.9,63.2,13.9,8.0,point
2025-06-17 12:00:00 AM,16.3,60.5,15.2,8.7,point
2025-06-17 12:30:00 AM,16.4,62.4,15.4,9.2,point
2025-06-17 01:00:00 AM,16.4,62.9,15.3,9.3,point
2025-06-17 01:30:00 AM,16.5,63.2,15.4,9.4,point
2025-06-17 02:00:00 AM,16.3,62.8,15.2,9.2,point
2025-06-17 02:30:00 AM,16.5,63.0,15.4,9.4,point
2025-06-17 03:00:00 AM,16.3,62.6,15.3,9.2,point
2025-06-17 03:30:00 AM,16.4,62.9,15.4,9.3,point
2025-06-17 04:00:00 AM,16.4,63.4,15.4,9.5,point
2025-06-17 04:30:00 AM,16.4,63.4,15.3,9.4,point
2025-06-17 05:00:00 AM,16.4,63.9,15.4,9.5,point
2025-06-17 05:30:00 AM,16.4,63.9,15.4,9.5,point
2025-06-17 06:00:00 AM,16.3,63.7,15.2,9.4,point
2025-06-17 06:30:00 AM,16.5,64.1,15.5,9.7,point
2025-06-17 07:00:00 AM,16.8,62.8,15.7,9.7,point
2025-06-17 07:30:00 AM,17.4,61.6,16.1,9.9,point
2025-06-17 08:00:00 AM,17.7,60.0,16.5,9.9,point
2025-06-17 08:30:00 AM,18.1,58.4,16.8,9.8,point
2025-06-17 09:00:00 AM,19.8,55.9,18.9,10.8,point
2025-06-17 09:30:00 AM,20.9,53.5,20.4,11.1,point
2025-06-17 10:00:00 AM,22.1,51.2,21.7,11.6,point
2025-06-17 10:30:00 AM,23.9,48.3,23.1,12.3,point
2025-06-17 11:00:00 AM,25.7,45.3,25.0,13.0,point
2025-06-17 11:30:00 AM,27.7,42.8,27.1,13.9,point
2025-06-17 12:00:00 PM,29.2,41.3,29.2,14.7,point
2025-06-17 12:30:00 PM,30.6,40.0,30.9,15.4,point
2025-06-17 01:00:00 PM,30.0,48.5,31.5,18.0,point
2025-06-17 01:30:00 PM,29.1,45.0,29.3,15.9,point
2025-06-17 02:00:00 PM,28.0,42.5,27.4,14.1,point
2025-06-17 02:30:00 PM,26.1,43.5,25.3,12.7,point
2025-06-17 03:00:00 PM,24.2,45.0,23.3,11.6,point
2025-06-17 03:30:00 PM,22.2,46.7,21.6,10.3,point
2025-06-17 04:00:00 PM,20.3,48.8,19.3,9.2,point
2025-06-17 04:30:00 PM,18.5,51.6,16.8,8.4,point
2025-06-17 05:00:00 PM,18.0,53.4,16.3,8.3,point
2025-06-17 05:30:00 PM,17.4,53.7,15.8,8.0,point
2025-06-17 06:00:00 PM,16.9,54.4,15.5,7.7,point
2025-06-17 06:30:00 PM,16.3,56.5,15.0,7.7,point
2025-06-17 07:00:00 PM,15.5,58.3,14.3,7.3,point
2025-06-17 07:30:00 PM,15.1,58.1,13.9,6.9,point
2025-06-17 08:00:00 PM,14.7,60.3,13.6,7.0,point
2025-06-17 08:30:00 PM,14.0,60.3,13.0,6.4,point
2025-06-17 09:00:00 PM,14.0,59.4,12.9,6.2,point
2025-06-17 09:30:00 PM,14.2,59.2,13.0,6.3,point
2025-06-17 10:00:00 PM,14.1,58.6,13.0,6.1,point
2025-06-17 10:30:00 PM,14.0,59.0,12.9,6.1,point
2025-06-17 11:00:00 PM,14.0,59.1,13.0,6.2,point
2025-06-17 11:30:00 PM,14.8,59.8,13.6,7.0,point
2025-06-18 12:00:00 AM,16.4,55.7,15.0,7.6,point
2025-06-18 12:30:00 AM,16.5,55.5,15.0,7.5,point
2025-06-18 01:00:00 AM,16.3,55.5,14.9,7.4,point
2025-06-18 01:30:00 AM,16.4,55.6,15.0,7.5,point
2025-06-18 02:00:00 AM,16.4,55.9,15.0,7.6,point
2025-06-18 02:30:00 AM,16.5,55.9,15.0,7.6,point
2025-06-18 03:00:00 AM,16.5,56.0,15.0,7.7,point
2025-06-18 03:30:00 AM,16.5,56.3,15.0,7.8,point
2025-06-18 04:00:00 AM,16.4,55.8,15.0,7.6,point
2025-06-18 04:30:00 AM,16.5,55.6,15.0,7.6,point
2025-06-18 05:00:00 AM,16.3,55.1,14.8,7.3,point
2025-06-18 05:30:00 AM,16.5,54.9,15.1,7.4,point
2025-06-18 06:00:00 AM,16.4,53.9,14.9,7.1,point
2025-06-18 06:30:00 AM,16.5,53.3,14.9,7.0,point
2025-06-18 07:00:00 AM,16.9,51.5,15.2,6.8,point
2025-06-18 07:30:00 AM,17.4,50.6,15.6,7.1,point
2025-06-18 08:00:00 AM,17.9,49.1,16.0,7.0,point
2025-06-18 08:30:00 AM,18.4,47.7,16.4,7.1,point
2025-06-18 09:00:00 AM,19.6,45.1,18.0,7.3,point
2025-06-18 09:30:00 AM,20.9,41.8,19.9,7.5,point
2025-06-18 10:00:00 AM,22.0,38.8,21.1,7.4,point
2025-06-18 10:30:00 AM,24.0,47.4,23.2,12.1,point
2025-06-18 11:00:00 AM,26.1,47.9,25.5,14.2,point
2025-06-18 11:30:00 AM,27.4,47.0,27.2,15.1,point
2025-06-18 12:00:00 PM,28.7,43.2,28.7,14.9,point
2025-06-18 12:30:00 PM,30.5,43.7,31.3,16.7,point
2025-06-18 01:00:00 PM,29.8,42.6,30.1,15.8,point
2025-06-18 01:30:00 PM,28.7,43.4,28.5,15.0,point
2025-06-18 02:00:00 PM,27.9,43.9,27.3,14.4,point
2025-06-18 02:30:00 PM,25.8,46.0,25.1,13.4,point
2025-06-18 03:00:00 PM,23.9,47.7,23.2,12.2,point
2025-06-18 03:30:00 PM,22.3,32.2,21.0,4.9,point
2025-06-18 04:00:00 PM,20.3,57.1,19.7,11.6,point
2025-06-18 04:30:00 PM,18.6,59.6,17.4,10.6,point
2025-06-18 05:00:00 PM,18.0,59.4,16.6,9.9,point
2025-06-18 05:30:00 PM,17.6,59.1,16.2,9.5,point
2025-06-18 06:00:00 PM,16.9,59.0,15.6,8.8,point
2025-06-18 06:30:00 PM,16.2,60.6,15.1,8.6,point
2025-06-18 07:00:00 PM,15.7,63.0,14.7,8.7,point
2025-06-18 07:30:00 PM,15.2,63.6,14.1,8.3,point
2025-06-18 08:00:00 PM,14.7,62.0,13.8,7.5,point
2025-06-18 08:30:00 PM,14.1,60.6,13.1,6.6,point
2025-06-18 09:00:00 PM,14.1,58.0,13.0,6.0,point
2025-06-18 09:30:00 PM,14.2,53.2,12.9,4.8,point
2025-06-18 10:00:00 PM,14.1,44.9,12.4,2.3,point
2025-06-18 10:30:00 PM,14.1,40.1,12.2,0.7,point
2025-06-18 11:00:00 PM,14.2,40.3,12.3,0.9,point
2025-06-18 11:30:00 PM,14.7,40.9,12.9,1.6,point
2025-06-19 12:00:00 AM,16.4,37.3,14.1,1.8,point
2025-06-19 12:30:00 AM,16.5,48.1,14.7,5.5,point
2025-06-19 01:00:00 AM,16.4,45.2,14.6,4.5,point
2025-06-19 01:30:00 AM,16.5,39.5,14.4,2.7,point
2025-06-19 02:00:00 AM,16.6,37.8,14.4,2.2,point
2025-06-19 02:30:00 AM,16.6,38.2,14.3,2.2,point
2025-06-19 03:00:00 AM,16.5,39.4,14.4,2.7,point
2025-06-19 03:30:00 AM,16.6,40.1,14.4,3.0,point
2025-06-19 04:00:00 AM,16.4,40.5,14.3,3.0,point
2025-06-19 04:30:00 AM,16.4,40.8,14.4,3.1,point
2025-06-19 05:00:00 AM,16.5,41.1,14.5,3.3,point
2025-06-19 05:30:00 AM,16.6,41.0,14.5,3.3,point
2025-06-19 06:00:00 AM,16.4,40.7,14.3,3.0,point
2025-06-19 06:30:00 AM,16.6,40.3,14.4,3.0,point
2025-06-19 07:00:00 AM,16.9,39.5,14.6,3.0,point
2025-06-19 07:30:00 AM,17.4,38.7,15.1,3.2,point
2025-06-19 08:00:00 AM,17.9,38.2,15.5,3.5,point
2025-06-19 08:30:00 AM,18.4,37.7,16.0,3.7,point
2025-06-19 09:00:00 AM,19.7,46.5,18.2,7.9,point
2025-06-19 09:30:00 AM,21.1,44.5,20.3,8.5,point
2025-06-19 10:00:00 AM,22.1,40.5,21.2,8.1,point
2025-06-19 10:30:00 AM,24.4,45.5,23.4,11.8,point
2025-06-19 11:00:00 AM,26.0,41.7,25.0,12.0,point
2025-06-19 11:30:00 AM,27.9,39.7,26.9,12.9,point
2025-06-19 12:00:00 PM,29.4,41.3,29.3,14.9,point
2025-06-19 12:30:00 PM,30.6,40.9,31.0,15.8,point
2025-06-19 01:00:00 PM,30.1,40.0,30.3,15.0,point
2025-06-19 01:30:00 PM,29.5,39.5,29.2,14.3,point
2025-06-19 02:00:00 PM,28.2,39.8,27.3,13.2,point
2025-06-19 02:30:00 PM,26.3,41.5,25.4,12.2,point
2025-06-19 03:00:00 PM,24.5,43.6,23.5,11.3,point
2025-06-19 03:30:00 PM,22.4,46.4,21.7,10.3,point
2025-06-19 04:00:00 PM,20.5,48.5,19.6,9.3,point
2025-06-19 04:30:00 PM,18.6,45.5,16.5,6.6,point
2025-06-19 05:00:00 PM,18.1,38.9,15.7,3.9,point
2025-06-19 05:30:00 PM,17.5,37.2,15.2,2.8,point
2025-06-19 06:00:00 PM,17.1,45.4,15.1,5.2,point
2025-06-19 06:30:00 PM,16.4,51.1,14.8,6.3,point
2025-06-19 07:00:00 PM,15.6,48.9,14.0,4.9,point
2025-06-19 07:30:00 PM,15.1,42.0,13.2,2.3,point
2025-06-19 08:00:00 PM,14.7,42.0,12.9,2.0,point
2025-06-19 08:30:00 PM,14.1,45.0,12.5,2.4,point
2025-06-19 09:00:00 PM,14.3,47.7,12.7,3.4,point
2025-06-19 09:30:00 PM,14.2,48.5,12.7,3.5,point
2025-06-19 10:00:00 PM,14.3,46.5,12.7,3.0,point
2025-06-19 10:30:00 PM,14.2,45.2,12.6,2.5,point
2025-06-19 11:00:00 PM,14.1,43.6,12.4,1.9,point
2025-06-19 11:30:00 PM,14.9,41.9,13.0,2.1,point
2025-06-20 12:00:00 AM,16.5,36.8,14.2,1.6,point
2025-06-20 12:30:00 AM,16.6,48.7,14.8,5.8,point
2025-06-20 01:00:00 AM,16.6,49.1,14.8,5.8,point
2025-06-20 01:30:00 AM,16.5,45.6,14.6,4.7,point
2025-06-20 02:00:00 AM,16.4,38.8,14.3,2.4,point
2025-06-20 02:30:00 AM,16.4,36.8,14.2,1.6,point
2025-06-20 03:00:00 AM,16.5,47.4,14.7,5.3,point
2025-06-20 03:30:00 AM,16.5,48.6,14.6,5.6,point
2025-06-20 04:00:00 AM,16.7,44.0,14.6,4.4,point
2025-06-20 04:30:00 AM,16.5,38.9,14.3,2.5,point
2025-06-20 05:00:00 AM,16.5,37.3,14.3,1.9,point
2025-06-20 05:30:00 AM,16.6,37.6,14.3,2.0,point
2025-06-20 06:00:00 AM,16.6,47.3,14.8,5.4,point
2025-06-20 06:30:00 AM,16.7,43.4,14.6,4.2,point
2025-06-20 07:00:00 AM,17.0,38.5,14.7,2.8,point
2025-06-20 07:30:00 AM,17.4,37.3,15.1,2.8,point
2025-06-20 08:00:00 AM,18.0,46.4,16.0,6.3,point
2025-06-20 08:30:00 AM,18.5,47.5,16.6,7.2,point
2025-06-20 09:00:00 AM,19.6,38.1,17.8,5.0,point
2025-06-20 09:30:00 AM,20.8,46.4,19.9,8.9,point
2025-06-20 10:00:00 AM,22.8,44.1,21.9,9.9,point
2025-06-20 10:30:00 AM,23.9,41.0,22.8,9.9,point
2025-06-20 11:00:00 AM,26.2,39.8,25.1,11.5,point
2025-06-20 11:30:00 AM,27.8,44.1,27.4,14.5,point
2025-06-20 12:00:00 PM,29.3,31.7,28.0,10.8,point
2025-06-20 12:30:00 PM,30.6,48.8,32.4,18.5,point
2025-06-20 01:00:00 PM,30.1,46.1,31.3,17.2,point
2025-06-20 01:30:00 PM,29.2,46.1,29.8,16.5,point
2025-06-20 02:00:00 PM,28.4,46.2,28.4,15.7,point
2025-06-20 02:30:00 PM,26.3,47.7,25.9,14.3,point
2025-06-20 03:00:00 PM,24.4,48.3,23.5,12.8,point
2025-06-20 03:30:00 PM,22.4,48.1,21.8,10.9,point
2025-06-20 04:00:00 PM,20.3,47.1,19.1,8.6,point
2025-06-20 04:30:00 PM,18.5,42.2,16.2,5.4,point
2025-06-20 05:00:00 PM,17.8,39.1,15.4,3.7,point
2025-06-20 05:30:00 PM,17.4,40.0,15.1,3.6,point
2025-06-20 06:00:00 PM,16.9,39.3,14.7,3.0,point
2025-06-20 06:30:00 PM,16.3,39.9,14.1,2.6,point
2025-06-20 07:00:00 PM,15.4,40.4,13.4,2.1,point
2025-06-20 07:30:00 PM,15.1,40.5,13.1,1.7,point
2025-06-20 08:00:00 PM,14.7,41.7,12.8,1.8,point
2025-06-20 08:30:00 PM,14.3,44.1,12.6,2.3,point
2025-06-20 09:00:00 PM,14.3,44.5,12.5,2.4,point
2025-06-20 09:30:00 PM,14.2,44.9,12.4,2.4,point
2025-06-20 10:00:00 PM,14.1,46.0,12.5,2.7,point
2025-06-20 10:30:00 PM,14.3,45.3,12.7,2.6,point
2025-06-20 11:00:00 PM,14.3,44.0,12.6,2.2,point
2025-06-20 11:30:00 PM,14.8,43.1,13.0,2.4,point
2025-06-21 12:00:00 AM,16.4,38.5,14.2,2.2,point
2025-06-21 12:30:00 AM,16.4,38.3,14.2,2.2,point
2025-06-21 01:00:00 AM,16.6,38.6,14.4,2.4,point
2025-06-21 01:30:00 AM,16.6,38.3,14.4,2.4,point
2025-06-21 02:00:00 AM,16.4,37.6,14.2,2.0,point
2025-06-21 02:30:00 AM,16.4,36.9,14.2,1.6,point
2025-06-21 03:00:00 AM,16.7,46.0,14.8,5.0,point
2025-06-21 03:30:00 AM,16.5,47.9,14.6,5.4,point
2025-06-21 04:00:00 AM,16.5,45.2,14.6,4.6,point
2025-06-21 04:30:00 AM,16.6,46.1,14.7,5.0,point
2025-06-21 05:00:00 AM,16.7,51.5,15.0,6.6,point
2025-06-21 05:30:00 AM,16.5,55.4,15.1,7.6,point
2025-06-21 06:00:00 AM,16.7,57.2,15.3,8.2,point
2025-06-21 06:30:00 AM,16.5,59.0,15.3,8.5,point
2025-06-21 07:00:00 AM,17.1,61.4,15.8,9.6,point
2025-06-21 07:30:00 AM,17.5,63.9,16.4,10.6,point
2025-06-21 08:00:00 AM,18.0,65.1,17.0,11.4,point
2025-06-21 08:30:00 AM,18.5,64.8,17.5,11.8,point
2025-06-21 09:00:00 AM,19.7,62.3,19.1,12.3,point
2025-06-21 09:30:00 AM,20.8,58.5,20.5,12.4,point
2025-06-21 10:00:00 AM,21.8,55.8,21.6,12.6,point
2025-06-21 10:30:00 AM,23.7,52.3,23.2,13.4,point
2025-06-21 11:00:00 AM,25.9,47.9,25.4,14.1,point
2025-06-21 11:30:00 AM,27.9,42.6,27.2,14.0,point
2025-06-21 12:00:00 PM,29.2,42.2,29.3,15.1,point
2025-06-21 12:30:00 PM,30.7,42.6,31.6,16.6,point
2025-06-21 01:00:00 PM,30.1,41.3,30.3,15.5,point
2025-06-21 01:30:00 PM,29.0,38.1,28.5,13.3,point
2025-06-21 02:00:00 PM,28.1,46.7,28.2,15.7,point
2025-06-21 02:30:00 PM,26.3,48.2,25.8,14.5,point
2025-06-21 03:00:00 PM,24.4,49.8,23.7,13.3,point
2025-06-21 03:30:00 PM,22.2,50.4,21.7,11.4,point
2025-06-21 04:00:00 PM,20.8,50.5,20.0,10.1,point
2025-06-21 04:30:00 PM,18.6,55.2,17.0,9.4,point
2025-06-21 05:00:00 PM,18.0,56.7,16.6,9.3,point
2025-06-21 05:30:00 PM,17.3,57.2,15.9,8.8,point
2025-06-21 06:00:00 PM,16.8,58.0,15.5,8.5,point
2025-06-21 06:30:00 PM,16.3,59.2,15.0,8.3,point
2025-06-21 07:00:00 PM,15.6,62.0,14.6,8.3,point
2025-06-21 07:30:00 PM,15.1,63.7,14.1,8.3,point
2025-06-21 08:00:00 PM,14.6,64.8,13.7,8.1,point
2025-06-21 08:30:00 PM,14.3,66.9,13.5,8.3,point
2025-06-21 09:00:00 PM,14.2,67.9,13.5,8.4,point
2025-06-21 09:30:00 PM,14.1,68.5,13.4,8.4,point
2025-06-21 10:00:00 PM,14.1,69.3,13.4,8.6,point
2025-06-21 10:30:00 PM,14.2,70.3,13.6,8.9,point
2025-06-21 11:00:00 PM,14.2,71.0,13.6,9.1,point
2025-06-21 11:30:00 PM,14.7,70.9,14.0,9.4,point
2025-06-22 12:00:00 AM,16.5,65.4,15.5,10.0,point
2025-06-22 12:30:00 AM,16.5,64.1,15.5,9.7,point
2025-06-22 01:00:00 AM,16.6,63.7,15.5,9.7,point
2025-06-22 01:30:00 AM,16.6,63.2,15.6,9.6,point
2025-06-22 02:00:00 AM,16.5,62.4,15.5,9.3,point
2025-06-22 02:30:00 AM,16.5,62.0,15.5,9.2,point
2025-06-22 03:00:00 AM,16.4,60.8,15.3,8.8,point
2025-06-22 03:30:00 AM,16.4,60.4,15.2,8.7,point
2025-06-22 04:00:00 AM,16.4,60.3,15.3,8.7,point
2025-06-22 04:30:00 AM,16.6,59.4,15.3,8.6,point
2025-06-22 05:00:00 AM,16.5,58.4,15.3,8.3,point
2025-06-22 05:30:00 AM,16.6,57.5,15.2,8.2,point
2025-06-22 06:00:00 AM,16.4,55.8,15.0,7.6,point
2025-06-22 06:30:00 AM,16.5,54.4,15.1,7.3,point
2025-06-22 07:00:00 AM,16.9,52.3,15.2,7.1,point
2025-06-22 07:30:00 AM,17.4,50.4,15.6,7.0,point
2025-06-22 08:00:00 AM,17.9,49.0,16.1,7.1,point
2025-06-22 08:30:00 AM,18.3,47.6,16.3,7.0,point
2025-06-22 09:00:00 AM,19.6,44.9,17.9,7.3,point
2025-06-22 09:30:00 AM,21.0,42.2,19.9,7.7,point
2025-06-22 10:00:00 AM,22.2,39.4,21.2,7.8,point
2025-06-22 10:30:00 AM,24.0,44.2,23.0,11.0,point
2025-06-22 11:00:00 AM,25.9,43.7,25.0,12.6,point
2025-06-22 11:30:00 AM,27.7,40.8,26.9,13.2,point
2025-06-22 12:00:00 PM,29.2,42.8,29.3,15.3,point
2025-06-22 12:30:00 PM,30.7,40.2,31.2,15.7,point
2025-06-22 01:00:00 PM,30.1,40.4,30.2,15.1,point
2025-06-22 01:30:00 PM,29.2,41.3,29.0,14.7,point
2025-06-22 02:00:00 PM,28.2,43.0,27.9,14.4,point
2025-06-22 02:30:00 PM,26.3,45.7,25.7,13.7,point
2025-06-22 03:00:00 PM,24.4,48.0,23.5,12.7,point
2025-06-22 03:30:00 PM,22.4,49.0,21.9,11.2,point
2025-06-22 04:00:00 PM,20.4,48.1,19.3,9.1,point
2025-06-22 04:30:00 PM,18.5,52.5,16.9,8.7,point
2025-06-22 05:00:00 PM,17.9,56.3,16.4,9.1,point
2025-06-22 05:30:00 PM,17.5,58.4,16.1,9.2,point
2025-06-22 06:00:00 PM,17.0,61.0,15.7,9.4,point
2025-06-22 06:30:00 PM,16.3,61.9,15.2,9.0,point
2025-06-22 07:00:00 PM,15.6,62.8,14.6,8.6,point
2025-06-22 07:30:00 PM,15.2,62.5,14.2,8.1,point
2025-06-22 08:00:00 PM,14.6,62.9,13.7,7.7,point
2025-06-22 08:30:00 PM,14.1,64.5,13.3,7.5,point
2025-06-22 09:00:00 PM,14.0,66.3,13.3,7.8,point
2025-06-22 09:30:00 PM,14.0,67.3,13.2,8.0,point
2025-06-22 10:00:00 PM,14.1,67.1,13.4,8.1,point
2025-06-22 10:30:00 PM,14.1,66.2,13.4,7.9,point
2025-06-22 11:00:00 PM,14.2,64.7,13.4,7.7,point
2025-06-22 11:30:00 PM,14.6,63.2,13.6,7.7,point
2025-06-23 12:00:00 AM,16.5,55.8,15.1,7.7,point
2025-06-23 12:30:00 AM,16.5,54.1,15.0,7.2,point
2025-06-23 01:00:00 AM,16.4,52.9,14.9,6.8,point
2025-06-23 01:30:00 AM,16.4,52.1,14.8,6.6,point
2025-06-23 02:00:00 AM,16.6,52.0,14.9,6.7,point
2025-06-23 02:30:00 AM,16.4,51.9,14.8,6.5,point
2025-06-23 03:00:00 AM,16.3,52.2,14.6,6.5,point
2025-06-23 03:30:00 AM,16.4,53.1,14.8,6.8,point
2025-06-23 04:00:00 AM,16.6,53.5,15.1,7.1,point
2025-06-23 04:30:00 AM,16.5,53.7,14.9,7.1,point
2025-06-23 05:00:00 AM,16.6,53.4,15.0,7.1,point
2025-06-23 05:30:00 AM,16.4,53.2,14.9,6.9,point
2025-06-23 06:00:00 AM,16.5,53.2,15.0,7.0,point
2025-06-23 06:30:00 AM,16.4,53.4,14.9,6.9,point
2025-06-23 07:00:00 AM,17.0,53.5,15.4,7.5,point
2025-06-23 07:30:00 AM,17.3,53.4,15.7,7.8,point
2025-06-23 08:00:00 AM,18.0,53.1,16.3,8.3,point
2025-06-23 08:30:00 AM,18.4,53.6,16.7,8.8,point
2025-06-23 09:00:00 AM,19.6,52.9,18.4,9.7,point
2025-06-23 09:30:00 AM,21.0,50.3,20.3,10.3,point
2025-06-23 10:00:00 AM,22.1,45.9,21.4,9.9,point
2025-06-23 10:30:00 AM,23.9,41.3,22.7,9.9,point
2025-06-23 11:00:00 AM,25.9,43.5,25.0,12.5,point
2025-06-23 11:30:00 AM,27.8,42.7,27.2,14.0,point
2025-06-23 12:00:00 PM,29.2,39.7,28.9,14.2,point
2025-06-23 12:30:00 PM,30.7,46.2,32.1,17.8,point
2025-06-23 01:00:00 PM,30.2,43.9,31.0,16.6,point
2025-06-23 01:30:00 PM,29.0,43.9,29.1,15.5,point
2025-06-23 02:00:00 PM,28.2,43.7,27.9,14.7,point
2025-06-23 02:30:00 PM,26.3,43.7,25.6,13.0,point
2025-06-23 03:00:00 PM,24.4,36.8,22.9,8.7,point
2025-06-23 03:30:00 PM,22.2,46.7,21.6,10.3,point
2025-06-23 04:00:00 PM,20.8,50.0,20.0,10.0,point
2025-06-23 04:30:00 PM,18.6,52.9,17.1,8.9,point
2025-06-23 05:00:00 PM,18.0,53.3,16.4,8.4,point
2025-06-23 05:30:00 PM,17.6,50.1,15.8,7.1,point
2025-06-23 06:00:00 PM,17.0,49.2,15.3,6.3,point
2025-06-23 06:30:00 PM,16.2,51.6,14.6,6.2,point
2025-06-23 07:00:00 PM,15.7,55.5,14.4,6.8,point
2025-06-23 07:30:00 PM,15.1,57.0,13.9,6.7,point
2025-06-23 08:00:00 PM,14.8,58.6,13.7,6.8,point
2025-06-23 08:30:00 PM,14.3,59.6,13.2,6.6,point
2025-06-23 09:00:00 PM,14.2,60.0,13.1,6.5,point
2025-06-23 09:30:00 PM,14.1,59.9,13.0,6.5,point
2025-06-23 10:00:00 PM,14.3,60.4,13.3,6.7,point
2025-06-23 10:30:00 PM,14.3,60.4,13.3,6.8,point
2025-06-23 11:00:00 PM,14.4,62.8,13.4,7.4,point
2025-06-23 11:30:00 PM,14.8,65.6,13.8,8.4,point
2025-06-24 12:00:00 AM,16.5,61.1,15.3,9.0,point
2025-06-24 12:30:00 AM,16.6,61.7,15.4,9.2,point
2025-06-24 01:00:00 AM,16.5,61.2,15.4,9.1,point
2025-06-24 01:30:00 AM,16.5,60.2,15.3,8.7,point
2025-06-24 02:00:00 AM,16.4,58.8,15.2,8.3,point
2025-06-24 02:30:00 AM,16.5,58.4,15.3,8.3,point
2025-06-24 03:00:00 AM,16.4,57.7,15.1,8.1,point
2025-06-24 03:30:00 AM,16.5,57.4,15.2,8.1,point
2025-06-24 04:00:00 AM,16.3,56.8,15.0,7.8,point
2025-06-24 04:30:00 AM,16.5,57.0,15.1,7.9,point
2025-06-24 05:00:00 AM,16.5,56.7,15.2,7.9,point
2025-06-24 05:30:00 AM,16.4,56.4,15.1,7.7,point
2025-06-24 06:00:00 AM,16.5,56.4,15.2,7.8,point
2025-06-24 06:30:00 AM,16.6,56.7,15.2,7.9,point
2025-06-24 07:00:00 AM,17.1,56.3,15.6,8.3,point
2025-06-24 07:30:00 AM,17.5,55.7,15.9,8.5,point
2025-06-24 08:00:00 AM,18.0,55.2,16.4,8.8,point
2025-06-24 08:30:00 AM,18.5,55.2,17.0,9.3,point
2025-06-24 09:00:00 AM,19.6,53.6,18.4,9.9,point
2025-06-24 09:30:00 AM,21.0,51.9,20.3,10.7,point
2025-06-24 10:00:00 AM,22.2,50.7,21.7,11.5,point
2025-06-24 10:30:00 AM,24.0,48.6,23.2,12.5,point
2025-06-24 11:00:00 AM,25.8,46.0,25.0,13.3,point
2025-06-24 11:30:00 AM,27.8,42.5,27.1,13.9,point
2025-06-24 12:00:00 PM,29.2,39.8,28.9,14.2,point
2025-06-24 12:30:00 PM,30.5,46.2,31.7,17.6,point
2025-06-24 01:00:00 PM,30.0,43.9,30.7,16.4,point
2025-06-24 01:30:00 PM,29.3,41.1,29.3,14.8,point
2025-06-24 02:00:00 PM,28.0,41.1,27.4,13.6,point
2025-06-24 02:30:00 PM,26.7,42.4,25.9,12.9,point
2025-06-24 03:00:00 PM,24.2,44.6,23.1,11.4,point
2025-06-24 03:30:00 PM,22.5,47.1,21.8,10.6,point
2025-06-24 04:00:00 PM,20.3,50.0,19.4,9.6,point
2025-06-24 04:30:00 PM,18.8,52.0,17.3,8.8,point
2025-06-24 05:00:00 PM,18.0,53.8,16.4,8.5,point
2025-06-24 05:30:00 PM,17.5,53.8,15.9,8.1,point
2025-06-24 06:00:00 PM,17.1,54.4,15.6,7.8,point
2025-06-24 06:30:00 PM,16.5,54.7,15.0,7.3,point
2025-06-24 07:00:00 PM,15.6,55.8,14.3,6.8,point
2025-06-24 07:30:00 PM,15.3,56.5,14.1,6.7,point
2025-06-24 08:00:00 PM,14.7,58.0,13.5,6.5,point
2025-06-24 08:30:00 PM,14.2,61.1,13.2,6.9,point
2025-06-24 09:00:00 PM,14.2,63.4,13.3,7.3,point
2025-06-24 09:30:00 PM,14.1,64.4,13.3,7.5,point
2025-06-24 10:00:00 PM,14.2,65.0,13.3,7.7,point
2025-06-24 10:30:00 PM,14.3,65.6,13.4,7.9,point
2025-06-24 11:00:00 PM,14.1,65.0,13.3,7.7,point
2025-06-24 11:30:00 PM,14.7,64.8,13.8,8.1,point
2025-06-25 12:00:00 AM,16.6,57.9,15.2,8.3,point
2025-06-25 12:30:00 AM,16.5,56.2,15.1,7.8,point
2025-06-25 01:00:00 AM,16.6,55.4,15.2,7.7,point
2025-06-25 01:30:00 AM,16.5,54.9,15.1,7.4,point
2025-06-25 02:00:00 AM,16.6,54.2,15.1,7.3,point
2025-06-25 02:30:00 AM,16.6,53.8,15.1,7.2,point
2025-06-25 03:00:00 AM,16.6,53.7,15.1,7.2,point
2025-06-25 03:30:00 AM,16.5,53.5,14.9,7.0,point
2025-06-25 04:00:00 AM,16.4,53.4,14.9,6.9,point
2025-06-25 04:30:00 AM,16.6,53.7,15.0,7.1,point
2025-06-25 05:00:00 AM,16.6,53.6,15.1,7.2,point
2025-06-25 05:30:00 AM,16.4,53.5,14.9,7.0,point
2025-06-25 06:00:00 AM,16.4,53.9,14.9,7.0,point
2025-06-25 06:30:00 AM,16.6,54.5,15.1,7.4,point
2025-06-25 07:00:00 AM,17.0,53.6,15.4,7.5,point
2025-06-25 07:30:00 AM,17.6,52.3,15.8,7.7,point
2025-06-25 08:00:00 AM,17.8,51.2,16.1,7.6,point
2025-06-25 08:30:00 AM,18.4,50.0,16.6,7.8,point
2025-06-25 09:00:00 AM,19.6,47.1,18.2,8.1,point
2025-06-25 09:30:00 AM,20.8,44.4,19.8,8.3,point
2025-06-25 10:00:00 AM,22.2,42.8,21.3,8.9,point
2025-06-25 10:30:00 AM,23.8,41.0,22.7,9.8,point
2025-06-25 11:00:00 AM,25.8,39.2,24.5,10.9,point
2025-06-25 11:30:00 AM,27.7,45.1,27.4,14.8,point
2025-06-25 12:00:00 PM,29.2,43.2,29.4,15.5,point
2025-06-25 12:30:00 PM,30.6,37.5,30.4,14.4,point
2025-06-25 01:00:00 PM,30.2,46.5,31.5,17.4,point
2025-06-25 01:30:00 PM,29.3,45.2,29.7,16.2,point
2025-06-25 02:00:00 PM,28.2,46.0,28.1,15.4,point
2025-06-25 02:30:00 PM,26.4,48.2,25.9,14.5,point
2025-06-25 03:00:00 PM,24.4,47.3,23.6,12.5,point
2025-06-25 03:30:00 PM,22.4,43.8,21.6,9.4,point
2025-06-25 04:00:00 PM,20.3,45.9,19.2,8.3,point
2025-06-25 04:30:00 PM,18.6,48.2,16.8,7.5,point
2025-06-25 05:00:00 PM,18.1,49.3,16.2,7.3,point
2025-06-25 05:30:00 PM,17.6,49.2,15.7,6.8,point
2025-06-25 06:00:00 PM,17.1,48.8,15.2,6.2,point
2025-06-25 06:30:00 PM,16.4,47.9,14.6,5.3,point
2025-06-25 07:00:00 PM,15.6,47.8,13.8,4.6,point
2025-06-25 07:30:00 PM,15.2,47.7,13.6,4.2,point
2025-06-25 08:00:00 PM,14.6,47.8,13.0,3.7,point
2025-06-25 08:30:00 PM,14.2,48.8,12.7,3.6,point
2025-06-25 09:00:00 PM,14.2,48.4,12.7,3.5,point
2025-06-25 09:30:00 PM,14.3,47.6,12.7,3.3,point
2025-06-25 10:00:00 PM,14.1,47.0,12.6,3.0,point
2025-06-25 10:30:00 PM,14.3,46.5,12.7,3.0,point
2025-06-25 11:00:00 PM,14.2,45.8,12.5,2.7,point
2025-06-25 11:30:00 PM,14.6,44.6,12.8,2.7,point
2025-06-26 12:00:00 AM,16.5,39.3,14.3,2.6,point
2025-06-26 12:30:00 AM,16.6,38.4,14.3,2.3,point
2025-06-26 01:00:00 AM,16.5,37.9,14.2,2.1,point
2025-06-26 01:30:00 AM,16.5,37.7,14.2,2.0,point
2025-06-26 02:00:00 AM,16.5,38.4,14.3,2.3,point
2025-06-26 02:30:00 AM,16.5,38.8,14.4,2.5,point
2025-06-26 03:00:00 AM,16.5,39.0,14.3,2.5,point
2025-06-26 03:30:00 AM,16.6,39.3,14.5,2.7,point
2025-06-26 04:00:00 AM,16.5,39.6,14.3,2.7,point
2025-06-26 04:30:00 AM,16.4,39.6,14.2,2.6,point
2025-06-26 05:00:00 AM,16.4,39.8,14.3,2.7,point
2025-06-26 05:30:00 AM,16.5,40.1,14.4,2.9,point
2025-06-26 06:00:00 AM,16.6,40.1,14.4,3.0,point
2025-06-26 06:30:00 AM,16.4,39.6,14.3,2.7,point
2025-06-26 07:00:00 AM,16.9,39.1,14.7,2.9,point
2025-06-26 07:30:00 AM,17.4,38.6,15.2,3.2,point
2025-06-26 08:00:00 AM,18.0,38.1,15.5,3.5,point
2025-06-26 08:30:00 AM,18.4,37.5,16.0,3.7,point
2025-06-26 09:00:00 AM,19.6,46.0,18.2,7.7,point
2025-06-26 09:30:00 AM,20.9,43.1,20.0,7.9,point
2025-06-26 10:00:00 AM,22.3,42.8,21.4,9.0,point
2025-06-26 10:30:00 AM,23.8,45.4,22.9,11.3,point
2025-06-26 11:00:00 AM,25.9,40.9,24.8,11.7,point
2025-06-26 11:30:00 AM,27.8,38.3,26.7,12.3,point
2025-06-26 12:00:00 PM,29.3,41.4,29.3,14.9,point
2025-06-26 12:30:00 PM,30.6,41.0,31.0,15.8,point
2025-06-26 01:00:00 PM,30.2,41.0,30.4,15.4,point
2025-06-26 01:30:00 PM,29.4,39.6,29.2,14.3,point
2025-06-26 02:00:00 PM,28.1,41.8,27.6,13.9,point
2025-06-26 02:30:00 PM,26.3,43.3,25.5,12.8,point
2025-06-26 03:00:00 PM,24.5,45.2,23.5,11.9,point
2025-06-26 03:30:00 PM,22.5,47.3,21.9,10.7,point
2025-06-26 04:00:00 PM,20.7,49.4,19.8,9.7,point
2025-06-26 04:30:00 PM,23.6,30.9,21.9,5.4,point
2025-06-26 05:00:00 PM,23.7,27.8,21.8,4.0,point
2025-06-26 05:30:00 PM,23.5,28.4,21.7,4.1,point
2025-06-26 06:00:00 PM,23.5,27.5,21.6,3.7,point
2025-06-26 06:30:00 PM,23.5,27.6,21.7,3.8,point
2025-06-26 07:00:00 PM,23.5,28.4,21.7,4.1,point
2025-06-26 07:30:00 PM,23.4,28.2,21.7,4.0,point
2025-06-26 08:00:00 PM,23.4,29.3,21.7,4.5,point
2025-06-26 08:30:00 PM,23.4,30.3,21.8,5.0,point
2025-06-26 09:00:00 PM,23.4,28.5,21.7,4.2,point
2025-06-26 09:30:00 PM,23.5,28.4,21.7,4.2,point
2025-06-26 10:00:00 PM,23.6,27.0,21.8,3.6,point
2025-06-26 10:30:00 PM,23.7,27.5,21.8,3.9,point
2025-06-26 11:00:00 PM,23.9,26.9,21.9,3.7,point
2025-06-26 11:30:00 PM,23.6,27.1,21.8,3.6,point
2025-06-27 12:00:00 AM,23.7,26.9,21.8,3.5,point
2025-06-27 12:30:00 AM,23.6,27.1,21.8,3.6,point
2025-06-27 01:00:00 AM,23.8,26.7,21.8,3.5,point
2025-06-27 01:30:00 AM,23.6,27.1,21.8,3.6,point
2025-06-27 02:00:00 AM,23.6,27.0,21.8,3.5,point
2025-06-27 02:30:00 AM,23.5,27.4,21.7,3.7,point
2025-06-27 03:00:00 AM,23.6,27.6,21.7,3.8,point
2025-06-27 03:30:00 AM,23.5,27.5,21.6,3.7,point
2025-06-27 04:00:00 AM,23.5,27.6,21.7,3.8,point
2025-06-27 04:30:00 AM,23.8,26.9,21.9,3.7,point
2025-06-27 05:00:00 AM,23.9,27.5,22.0,4.1,point
2025-06-27 05:30:00 AM,23.6,27.9,21.8,4.0,point
2025-06-27 06:00:00 AM,23.5,28.6,21.8,4.3,point
2025-06-27 06:30:00 AM,23.5,29.9,21.8,4.9,point
2025-06-27 07:00:00 AM,23.7,29.7,21.9,5.0,point
2025-06-27 07:30:00 AM,23.5,30.2,21.8,5.0,point
2025-06-27 08:00:00 AM,23.8,31.2,22.1,5.8,point
2025-06-27 08:30:00 AM,23.7,31.5,22.0,5.8,point
2025-06-27 09:00:00 AM,23.6,31.6,22.0,5.8,point
2025-06-27 09:30:00 AM,23.5,32.0,21.9,5.9,point
2025-06-27 10:00:00 AM,23.6,33.1,22.1,6.5,point
2025-06-27 10:30:00 AM,23.5,33.4,22.0,6.5,point
2025-06-27 11:00:00 AM,23.6,31.6,21.9,5.7,point
2025-06-27 11:30:00 AM,24.2,32.0,22.5,6.5,point
2025-06-27 12:00:00 PM,23.4,29.4,21.6,4.6,point
2025-06-27 12:30:00 PM,23.4,35.3,22.0,7.2,point
2025-06-27 01:00:00 PM,23.8,39.7,22.6,9.3,point
2025-06-27 01:30:00 PM,24.1,32.0,22.4,6.4,point
2025-06-27 02:00:00 PM,24.2,30.9,22.4,6.0,point
2025-06-27 02:30:00 PM,24.2,30.5,22.4,5.8,point
2025-06-27 03:00:00 PM,24.2,31.1,22.4,6.0,point
2025-06-27 03:30:00 PM,24.3,31.7,22.4,6.4,point
2025-06-27 04:00:00 PM,24.3,31.9,22.5,6.5,point
2025-06-27 04:30:00 PM,24.3,34.4,22.7,7.6,point
2025-06-27 05:00:00 PM,24.3,34.6,22.7,7.7,point
2025-06-27 05:30:00 PM,24.1,37.1,22.7,8.6,point
2025-06-27 06:00:00 PM,24.4,34.3,22.7,7.6,point
2025-06-27 06:30:00 PM,24.3,33.5,22.7,7.3,point
2025-06-27 07:00:00 PM,24.3,33.3,22.6,7.2,point
2025-06-27 07:30:00 PM,24.3,32.5,22.5,6.8,point
2025-06-27 08:00:00 PM,24.3,32.3,22.5,6.7,point
2025-06-27 08:30:00 PM,24.3,32.7,22.6,6.9,point
2025-06-27 09:00:00 PM,24.2,32.5,22.5,6.8,point
2025-06-27 09:30:00 PM,24.1,32.5,22.5,6.6,point
2025-06-27 10:00:00 PM,24.2,32.1,22.5,6.5,point
2025-06-27 10:30:00 PM,24.3,31.7,22.4,6.4,point
2025-06-27 11:00:00 PM,24.2,31.6,22.4,6.3,point
2025-06-27 11:30:00 PM,24.1,30.9,22.4,5.9,point
2025-06-28 12:00:00 AM,24.3,30.8,22.4,6.0,point
2025-06-28 12:30:00 AM,24.2,30.6,22.4,5.8,point
2025-06-28 01:00:00 AM,24.1,30.6,22.3,5.7,point
2025-06-28 01:30:00 AM,24.1,30.9,22.4,5.9,point
2025-06-28 02:00:00 AM,24.1,31.0,22.4,6.0,point
2025-06-28 02:30:00 AM,24.2,30.7,22.4,5.8,point
2025-06-28 03:00:00 AM,24.1,30.8,22.4,5.8,point
2025-06-28 03:30:00 AM,24.1,31.1,22.4,6.0,point
2025-06-28 04:00:00 AM,24.2,31.7,22.4,6.3,point
2025-06-28 04:30:00 AM,24.2,31.4,22.4,6.2,point
2025-06-28 05:00:00 AM,24.1,32.1,22.4,6.4,point
2025-06-28 05:30:00 AM,24.1,31.5,22.3,6.2,point
2025-06-28 06:00:00 AM,24.0,32.7,22.3,6.6,point
2025-06-28 06:30:00 AM,23.9,33.5,22.4,6.9,point
2025-06-28 07:00:00 AM,23.9,33.3,22.2,6.8,point
2025-06-28 07:30:00 AM,23.9,33.5,22.4,6.9,point
2025-06-28 08:00:00 AM,23.9,34.4,22.4,7.3,point
2025-06-28 08:30:00 AM,24.0,34.6,22.5,7.5,point
2025-06-28 09:00:00 AM,23.9,35.6,22.5,7.8,point
2025-06-28 09:30:00 AM,24.1,36.6,22.7,8.4,point
2025-06-28 10:00:00 AM,24.1,37.7,22.7,8.8,point
2025-06-28 10:30:00 AM,24.2,38.3,22.7,9.1,point
2025-06-28 11:00:00 AM,24.3,38.5,22.9,9.3,point
2025-06-28 11:30:00 AM,24.3,39.1,23.0,9.5,point
2025-06-28 12:00:00 PM,24.4,38.9,23.1,9.6,point
2025-06-28 12:30:00 PM,24.5,38.9,23.2,9.6,point
2025-06-28 01:00:00 PM,24.7,38.2,23.2,9.5,point
2025-06-28 01:30:00 PM,24.6,37.5,23.2,9.2,point
2025-06-28 02:00:00 PM,24.7,36.6,23.2,8.9,point
2025-06-28 02:30:00 PM,24.7,36.6,23.2,8.9,point
2025-06-28 03:00:00 PM,24.6,35.6,23.1,8.4,point
2025-06-28 03:30:00 PM,24.6,35.4,23.1,8.4,point
2025-06-28 04:00:00 PM,24.6,35.2,23.1,8.2,point
2025-06-28 04:30:00 PM,24.5,34.7,22.9,8.0,point
2025-06-28 05:00:00 PM,24.5,34.6,22.9,7.9,point
2025-06-28 05:30:00 PM,24.5,34.8,22.9,8.0,point
2025-06-28 06:00:00 PM,24.7,35.2,23.2,8.3,point
2025-06-28 06:30:00 PM,24.4,37.1,23.0,8.8,point
2025-06-28 07:00:00 PM,24.4,37.7,23.0,9.1,point
2025-06-28 07:30:00 PM,24.3,38.0,22.9,9.1,point
2025-06-28 08:00:00 PM,24.4,38.2,23.0,9.3,point
2025-06-28 08:30:00 PM,24.6,37.0,23.2,8.9,point
2025-06-28 09:00:00 PM,24.6,36.7,23.2,8.9,point
2025-06-28 09:30:00 PM,24.7,36.1,23.2,8.7,point
2025-06-28 10:00:00 PM,24.7,36.7,23.3,8.9,point
2025-06-28 10:30:00 PM,24.7,35.9,23.1,8.6,point
2025-06-28 11:00:00 PM,24.7,35.8,23.2,8.6,point
2025-06-28 11:30:00 PM,24.6,35.5,23.0,8.3,point
2025-06-29 12:00:00 AM,24.6,35.5,23.0,8.3,point
2025-06-29 12:30:00 AM,24.7,35.4,23.1,8.4,point
2025-06-29 01:00:00 AM,24.6,34.7,23.0,8.1,point
2025-06-29 01:30:00 AM,24.7,34.9,23.1,8.2,point
2025-06-29 02:00:00 AM,24.7,34.9,23.1,8.2,point
2025-06-29 02:30:00 AM,24.6,35.0,23.1,8.1,point
2025-06-29 03:00:00 AM,24.5,35.1,23.0,8.1,point
2025-06-29 03:30:00 AM,24.6,34.4,22.9,7.9,point
2025-06-29 04:00:00 AM,24.5,34.2,22.9,7.7,point
2025-06-29 04:30:00 AM,24.3,35.0,22.7,7.9,point
2025-06-29 05:00:00 AM,24.3,35.0,22.7,7.9,point
2025-06-29 05:30:00 AM,24.2,35.4,22.7,8.0,point
2025-06-29 06:00:00 AM,24.4,35.2,22.8,8.1,point
2025-06-29 06:30:00 AM,24.4,35.2,22.9,8.1,point
2025-06-29 07:00:00 AM,24.5,36.1,23.0,8.5,point
2025-06-29 07:30:00 AM,24.4,35.8,22.8,8.3,point
2025-06-29 08:00:00 AM,24.4,36.0,22.8,8.3,point
2025-06-29 08:30:00 AM,24.4,36.7,23.0,8.7,point
2025-06-29 09:00:00 AM,24.4,36.5,22.9,8.6,point
2025-06-29 09:30:00 AM,24.3,36.5,22.7,8.5,point
2025-06-29 10:00:00 AM,24.2,35.9,22.6,8.1,point
2025-06-29 10:30:00 AM,24.2,35.0,22.7,7.8,point
2025-06-29 11:00:00 AM,24.3,34.6,22.7,7.7,point
2025-06-29 11:30:00 AM,24.3,34.1,22.6,7.5,point
2025-06-29 12:00:00 PM,24.3,34.2,22.7,7.6,point
2025-06-29 12:30:00 PM,24.4,33.6,22.8,7.4,point
2025-06-29 01:00:00 PM,24.6,33.6,23.0,7.6,point
2025-06-29 01:30:00 PM,24.5,33.2,22.8,7.3,point
2025-06-29 02:00:00 PM,24.5,33.2,22.8,7.3,point
2025-06-29 02:30:00 PM,24.4,32.7,22.7,7.0,point
2025-06-29 03:00:00 PM,24.5,33.1,22.8,7.2,point
2025-06-29 03:30:00 PM,24.6,32.7,22.8,7.1,point
2025-06-29 04:00:00 PM,24.6,33.5,23.0,7.5,point
2025-06-29 04:30:00 PM,24.6,33.5,22.9,7.4,point
2025-06-29 05:00:00 PM,24.5,32.8,22.8,7.1,point
2025-06-29 05:30:00 PM,24.6,33.3,22.9,7.4,point
2025-06-29 06:00:00 PM,24.6,33.2,22.8,7.3,point
2025-06-29 06:30:00 PM,24.7,32.6,23.0,7.2,point
2025-06-29 07:00:00 PM,24.8,32.4,23.0,7.1,point
2025-06-29 07:30:00 PM,24.9,32.6,23.1,7.3,point
2025-06-29 08:00:00 PM,24.8,32.1,23.0,7.0,point
2025-06-29 08:30:00 PM,24.7,32.8,23.0,7.3,point
2025-06-29 09:00:00 PM,24.7,32.4,23.0,7.1,point
2025-06-29 09:30:00 PM,24.7,33.4,23.0,7.5,point
2025-06-29 10:00:00 PM,24.7,33.2,23.0,7.5,point
2025-06-29 10:30:00 PM,24.8,32.7,23.1,7.3,point
2025-06-29 11:00:00 PM,24.8,33.2,23.1,7.5,point
2025-06-29 11:30:00 PM,24.7,32.8,23.0,7.3,point
2025-06-30 12:00:00 AM,24.9,32.9,23.1,7.5,point
2025-06-30 12:30:00 AM,24.7,32.9,23.0,7.3,point
2025-06-30 01:00:00 AM,24.8,32.8,23.0,7.3,point
2025-06-30 01:30:00 AM,24.8,32.3,23.0,7.1,point
2025-06-30 02:00:00 AM,24.9,32.1,23.1,7.1,point
2025-06-30 02:30:00 AM,24.8,32.2,23.1,7.1,point
2025-06-30 03:00:00 AM,24.8,32.2,23.0,7.1,point
2025-06-30 03:30:00 AM,24.7,32.1,23.0,7.0,point
2025-06-30 04:00:00 AM,24.7,31.9,22.9,6.8,point
2025-06-30 04:30:00 AM,24.7,31.8,23.0,6.8,point
2025-06-30 05:00:00 AM,24.6,31.8,22.9,6.8,point
2025-06-30 05:30:00 AM,24.6,32.4,22.9,7.0,point
2025-06-30 06:00:00 AM,24.6,31.9,22.9,6.8,point
2025-06-30 06:30:00 AM,24.6,32.4,22.9,7.0,point
2025-06-30 07:00:00 AM,24.6,32.2,22.9,6.9,point
2025-06-30 07:30:00 AM,24.6,32.3,22.8,6.9,point
2025-06-30 08:00:00 AM,24.7,32.1,23.0,7.0,point
2025-06-30 08:30:00 AM,24.6,32.7,22.8,7.1,point
2025-06-30 09:00:00 AM,24.7,32.7,23.0,7.3,point
2025-06-30 09:30:00 AM,24.8,33.1,23.0,7.5,point
2025-06-30 10:00:00 AM,24.4,33.9,22.7,7.4,point
2025-06-30 10:30:00 AM,24.3,33.7,22.7,7.3,point
2025-06-30 11:00:00 AM,24.4,33.4,22.6,7.2,point
2025-06-30 11:30:00 AM,24.4,33.4,22.7,7.3,point
2025-06-30 12:00:00 PM,24.4,33.2,22.7,7.2,point
2025-06-30 12:30:00 PM,24.7,33.5,23.0,7.5,point
2025-06-30 01:00:00 PM,24.5,32.5,22.8,7.0,point
2025-06-30 01:30:00 PM,24.5,32.1,22.8,6.8,point
2025-06-30 02:00:00 PM,24.6,31.8,22.8,6.7,point
2025-06-30 02:30:00 PM,24.5,32.9,22.7,7.1,point
2025-06-30 03:00:00 PM,24.7,32.9,23.0,7.3,point
2025-06-30 03:30:00 PM,24.1,30.6,22.4,5.8,point
2025-06-30 04:00:00 PM,25.4,30.9,23.6,7.0,point
2025-06-30 04:30:00 PM,24.8,31.2,22.9,6.6,point
2025-06-30 05:00:00 PM,25.4,34.3,23.7,8.5,point
2025-06-30 05:30:00 PM,25.2,35.1,23.6,8.6,point
2025-06-30 06:00:00 PM,25.4,35.3,23.9,9.0,point
2025-06-30 06:30:00 PM,25.1,33.7,23.5,8.1,point
2025-06-30 07:00:00 PM,25.2,32.7,23.5,7.7,point
2025-06-30 07:30:00 PM,25.3,35.8,23.7,9.0,point
2025-06-30 08:00:00 PM,25.4,37.0,24.0,9.7,point
2025-06-30 08:30:00 PM,25.2,36.0,23.7,9.1,point
2025-06-30 09:00:00 PM,25.2,35.2,23.7,8.8,point
2025-06-30 09:30:00 PM,25.3,34.7,23.7,8.6,point
2025-06-30 10:00:00 PM,25.2,34.2,23.6,8.4,point
2025-06-30 10:30:00 PM,25.3,34.0,23.6,8.3,point
2025-06-30 11:00:00 PM,25.3,34.0,23.6,8.3,point
2025-06-30 11:30:00 PM,25.2,34.3,23.6,8.3,point
2025-07-01 12:00:00 AM,25.1,36.2,23.6,9.1,point
2025-07-01 12:30:00 AM,25.1,37.3,23.7,9.5,point
2025-07-01 01:00:00 AM,25.1,38.0,23.7,9.8,point
2025-07-01 01:30:00 AM,25.2,38.5,23.8,10.0,point
2025-07-01 02:00:00 AM,25.0,39.3,23.7,10.3,point
2025-07-01 02:30:00 AM,25.2,40.3,23.9,10.7,point
2025-07-01 03:00:00 AM,25.1,41.1,23.9,11.0,point
2025-07-01 03:30:00 AM,25.1,41.2,23.9,11.1,point
2025-07-01 04:00:00 AM,24.9,41.9,23.8,11.1,point
2025-07-01 04:30:00 AM,25.1,42.2,23.9,11.3,point
2025-07-01 05:00:00 AM,24.9,42.4,23.7,11.2,point
2025-07-01 05:30:00 AM,24.9,42.8,23.8,11.4,point
2025-07-01 06:00:00 AM,24.9,43.3,23.7,11.6,point
2025-07-01 06:30:00 AM,24.9,43.4,23.8,11.6,point
2025-07-01 07:00:00 AM,24.9,43.1,23.7,11.5,point
2025-07-01 07:30:00 AM,24.8,43.5,23.7,11.5,point
2025-07-01 08:00:00 AM,24.9,43.6,23.8,11.6,point
2025-07-01 08:30:00 AM,24.9,43.4,23.9,11.6,point
2025-07-01 09:00:00 AM,24.9,43.7,23.8,11.7,point
2025-07-01 09:30:00 AM,24.9,43.3,23.7,11.6,point
2025-07-01 10:00:00 AM,24.8,43.7,23.8,11.6,point
2025-07-01 10:30:00 AM,24.8,41.7,23.7,10.9,point
2025-07-01 11:00:00 AM,25.1,40.8,23.8,10.8,point
2025-07-01 11:30:00 AM,25.5,39.9,24.3,10.9,point
2025-07-01 12:00:00 PM,25.4,39.1,24.2,10.5,point
2025-07-01 12:30:00 PM,25.1,40.4,23.8,10.7,point
2025-07-01 01:00:00 PM,25.3,40.2,24.0,10.8,point
2025-07-01 01:30:00 PM,25.4,38.9,24.1,10.4,point
2025-07-01 02:00:00 PM,25.5,38.4,24.1,10.3,point
2025-07-01 02:30:00 PM,25.7,38.5,24.5,10.5,point
2025-07-01 03:00:00 PM,25.8,38.0,24.4,10.4,point
2025-07-01 03:30:00 PM,25.9,40.2,24.7,11.3,point
2025-07-01 04:00:00 PM,25.8,37.5,24.4,10.2,point
2025-07-01 04:30:00 PM,25.8,37.1,24.4,10.1,point
2025-07-01 05:00:00 PM,25.8,36.8,24.3,9.9,point
2025-07-01 05:30:00 PM,25.9,36.5,24.4,9.9,point
2025-07-01 06:00:00 PM,25.8,36.1,24.4,9.7,point
2025-07-01 06:30:00 PM,25.8,35.6,24.4,9.5,point
2025-07-01 07:00:00 PM,25.8,35.8,24.2,9.5,point
2025-07-01 07:30:00 PM,25.9,36.1,24.4,9.7,point
2025-07-01 08:00:00 PM,26.1,36.5,24.7,10.1,point
2025-07-01 08:30:00 PM,25.9,36.3,24.5,9.8,point
2025-07-01 09:00:00 PM,25.9,36.5,24.4,9.9,point
2025-07-01 09:30:00 PM,26.0,36.9,24.7,10.2,point
2025-07-01 10:00:00 PM,25.9,37.4,24.6,10.3,point
2025-07-01 10:30:00 PM,25.8,36.8,24.5,10.0,point
2025-07-01 11:00:00 PM,25.9,36.5,24.5,9.9,point
2025-07-01 11:30:00 PM,25.9,36.8,24.5,10.0,point
2025-07-02 12:00:00 AM,25.9,37.1,24.5,10.1,point
2025-07-02 12:30:00 AM,25.9,38.4,24.5,10.6,point
2025-07-02 01:00:00 AM,25.5,39.5,24.3,10.8,point
2025-07-02 01:30:00 AM,25.4,40.0,24.3,10.8,point
2025-07-02 02:00:00 AM,25.5,40.3,24.3,11.0,point
2025-07-02 02:30:00 AM,25.4,40.2,24.3,10.9,point
2025-07-02 03:00:00 AM,25.3,40.4,24.1,10.9,point
2025-07-02 03:30:00 AM,25.3,40.5,24.0,10.9,point
2025-07-02 04:00:00 AM,25.2,40.4,24.0,10.8,point
2025-07-02 04:30:00 AM,25.2,40.8,24.0,11.0,point
2025-07-02 05:00:00 AM,25.2,41.0,23.9,11.0,point
2025-07-02 05:30:00 AM,25.2,41.3,23.9,11.1,point
2025-07-02 06:00:00 AM,25.2,41.4,23.9,11.1,point
2025-07-02 06:30:00 AM,25.1,42.0,23.9,11.3,point
2025-07-02 07:00:00 AM,25.0,42.0,23.9,11.2,point
2025-07-02 07:30:00 AM,25.1,42.3,24.0,11.4,point
2025-07-02 08:00:00 AM,25.2,41.8,24.1,11.3,point
2025-07-02 08:30:00 AM,25.2,42.9,24.0,11.7,point
2025-07-02 09:00:00 AM,25.1,43.3,24.0,11.8,point
2025-07-02 09:30:00 AM,25.2,43.9,24.2,12.1,point
2025-07-02 10:00:00 AM,25.3,43.3,24.2,11.9,point
2025-07-02 10:30:00 AM,25.4,42.8,24.4,11.8,point
2025-07-02 11:00:00 AM,25.6,42.3,24.6,11.8,point
2025-07-02 11:30:00 AM,25.9,41.9,24.9,12.0,point
2025-07-02 12:00:00 PM,25.8,42.3,24.7,12.0,point
2025-07-02 12:30:00 PM,25.9,42.5,24.9,12.2,point
2025-07-02 01:00:00 PM,25.5,44.6,24.5,12.5,point
2025-07-02 01:30:00 PM,25.5,44.3,24.6,12.5,point
2025-07-02 02:00:00 PM,26.1,43.9,25.3,12.9,point
2025-07-02 02:30:00 PM,25.9,47.5,25.3,13.9,point
2025-07-02 03:00:00 PM,26.2,47.1,25.7,14.0,point
2025-07-02 03:30:00 PM,26.1,48.0,25.5,14.2,point
2025-07-02 04:00:00 PM,26.2,48.1,25.6,14.3,point
2025-07-02 04:30:00 PM,26.3,50.1,26.0,15.1,point
2025-07-02 05:00:00 PM,26.5,48.3,26.0,14.7,point
2025-07-02 05:30:00 PM,26.5,47.5,26.0,14.4,point
2025-07-02 06:00:00 PM,27.1,47.3,26.9,14.9,point
2025-07-02 06:30:00 PM,26.9,46.1,26.4,14.3,point
2025-07-02 07:00:00 PM,26.4,46.2,25.8,13.9,point
2025-07-02 07:30:00 PM,26.4,45.7,25.7,13.8,point
2025-07-02 08:00:00 PM,26.3,45.9,25.6,13.7,point
2025-07-02 08:30:00 PM,26.5,46.4,25.9,14.1,point
2025-07-02 09:00:00 PM,26.2,46.0,25.6,13.7,point
2025-07-02 09:30:00 PM,26.5,45.3,25.8,13.7,point
2025-07-02 10:00:00 PM,26.5,44.9,25.8,13.6,point
2025-07-02 10:30:00 PM,26.2,45.2,25.6,13.4,point
2025-07-02 11:00:00 PM,26.4,44.8,25.6,13.4,point
2025-07-02 11:30:00 PM,26.5,45.3,25.9,13.7,point
2025-07-03 12:00:00 AM,26.7,46.8,26.2,14.3,point
2025-07-03 12:30:00 AM,26.6,45.5,25.9,13.9,point
2025-07-03 01:00:00 AM,25.5,48.4,24.8,13.8,point
2025-07-03 01:30:00 AM,25.4,49.7,24.7,14.1,point
2025-07-03 02:00:00 AM,25.2,49.7,24.6,14.0,point
2025-07-03 02:30:00 AM,25.2,49.9,24.6,14.0,point
2025-07-03 03:00:00 AM,25.2,51.0,24.6,14.3,point
2025-07-03 03:30:00 AM,25.1,51.9,24.6,14.5,point
2025-07-03 04:00:00 AM,25.0,52.5,24.6,14.6,point
2025-07-03 04:30:00 AM,25.0,51.8,24.6,14.4,point
2025-07-03 05:00:00 AM,25.0,51.1,24.3,14.2,point
2025-07-03 05:30:00 AM,25.0,51.0,24.5,14.1,point
2025-07-03 06:00:00 AM,24.9,51.3,24.2,14.1,point
2025-07-03 06:30:00 AM,24.9,51.7,24.4,14.3,point
2025-07-03 07:00:00 AM,24.9,52.1,24.3,14.4,point
2025-07-03 07:30:00 AM,24.8,52.5,24.3,14.4,point
2025-07-03 08:00:00 AM,24.8,52.3,24.3,14.4,point
2025-07-03 08:30:00 AM,24.8,51.7,24.3,14.2,point
2025-07-03 09:00:00 AM,24.9,51.6,24.2,14.2,point
2025-07-03 09:30:00 AM,24.9,51.5,24.2,14.2,point
2025-07-03 10:00:00 AM,24.8,52.3,24.3,14.4,point
2025-07-03 10:30:00 AM,24.9,51.5,24.2,14.2,point
2025-07-03 11:00:00 AM,24.9,51.7,24.4,14.3,point
2025-07-03 11:30:00 AM,24.9,52.5,24.4,14.6,point
2025-07-03 12:00:00 PM,25.2,50.8,24.6,14.3,point
2025-07-03 12:30:00 PM,25.2,51.0,24.7,14.4,point
2025-07-03 01:00:00 PM,25.7,48.3,25.0,13.9,point
2025-07-03 01:30:00 PM,25.1,50.5,24.4,14.1,point
2025-07-03 02:00:00 PM,24.9,49.7,24.2,13.7,point
2025-07-03 02:30:00 PM,25.1,51.6,24.5,14.4,point
2025-07-03 03:00:00 PM,25.0,48.8,24.3,13.5,point
2025-07-03 03:30:00 PM,21.1,72.9,21.4,16.1,point
2025-07-03 04:00:00 PM,20.9,72.9,21.1,15.8,point
2025-07-03 04:30:00 PM,20.1,73.5,20.1,15.3,point
2025-07-03 05:00:00 PM,19.7,73.9,19.5,14.9,point
2025-07-03 05:30:00 PM,19.2,73.7,18.8,14.4,point
2025-07-03 06:00:00 PM,18.9,74.8,18.5,14.4,point
2025-07-03 06:30:00 PM,17.7,75.0,17.2,13.2,point
2025-07-03 07:00:00 PM,16.0,83.6,16.0,13.3,point
2025-07-03 07:30:00 PM,15.6,83.7,15.6,12.9,point
2025-07-03 08:00:00 PM,15.2,84.9,15.2,12.7,point
2025-07-03 08:30:00 PM,14.9,85.9,14.8,12.5,point
2025-07-03 09:00:00 PM,14.6,87.0,14.6,12.4,point
2025-07-03 09:30:00 PM,14.5,87.2,14.5,12.3,point
2025-07-03 10:00:00 PM,14.4,88.1,14.5,12.5,point
2025-07-03 10:30:00 PM,14.4,87.8,14.5,12.4,point
2025-07-03 11:00:00 PM,14.3,89.0,14.5,12.5,point
2025-07-03 11:30:00 PM,16.0,90.9,16.3,14.5,point
2025-07-04 12:00:00 AM,17.9,83.5,17.9,15.1,point
2025-07-04 12:30:00 AM,18.1,82.1,17.9,15.0,point
2025-07-04 01:00:00 AM,17.9,81.4,17.8,14.7,point
2025-07-04 01:30:00 AM,18.2,80.5,18.0,14.8,point
2025-07-04 02:00:00 AM,18.1,80.7,18.0,14.8,point
2025-07-04 02:30:00 AM,18.1,79.6,17.8,14.5,point
2025-07-04 03:00:00 AM,18.2,79.2,17.9,14.5,point
2025-07-04 03:30:00 AM,18.0,78.6,17.6,14.2,point
2025-07-04 04:00:00 AM,18.0,79.1,17.8,14.4,point
2025-07-04 04:30:00 AM,18.2,80.5,17.9,14.8,point
2025-07-04 05:00:00 AM,18.0,79.5,17.8,14.4,point
2025-07-04 05:30:00 AM,18.2,78.9,18.0,14.5,point
2025-07-04 06:00:00 AM,18.1,80.0,17.9,14.7,point
2025-07-04 06:30:00 AM,18.1,79.3,17.8,14.4,point
2025-07-04 07:00:00 AM,18.3,80.8,18.1,14.9,point
2025-07-04 07:30:00 AM,18.7,82.3,18.5,15.6,point
2025-07-04 08:00:00 AM,19.2,82.5,19.3,16.2,point
2025-07-04 08:30:00 AM,19.7,82.4,19.9,16.6,point
2025-07-04 09:00:00 AM,19.9,81.7,20.0,16.6,point
2025-07-04 09:30:00 AM,20.3,82.2,20.7,17.2,point
2025-07-04 10:00:00 AM,20.4,81.4,20.7,17.1,point
2025-07-04 10:30:00 AM,20.7,81.3,21.2,17.4,point
2025-07-04 11:00:00 AM,21.0,80.9,21.5,17.6,point
2025-07-04 11:30:00 AM,21.2,80.3,21.6,17.7,point
2025-07-04 12:00:00 PM,22.1,82.3,22.8,18.9,point
2025-07-04 12:30:00 PM,22.4,81.8,23.1,19.1,point
2025-07-04 01:00:00 PM,22.3,81.2,23.1,18.9,point
2025-07-04 01:30:00 PM,22.2,80.8,23.0,18.8,point
2025-07-04 02:00:00 PM,22.0,80.6,22.8,18.5,point
2025-07-04 02:30:00 PM,21.6,78.6,22.2,17.7,point
2025-07-04 03:00:00 PM,21.6,78.8,22.2,17.8,point
2025-07-04 03:30:00 PM,21.2,78.6,21.5,17.3,point
2025-07-04 04:00:00 PM,20.6,77.4,20.9,16.6,point
2025-07-04 04:30:00 PM,20.2,78.1,20.4,16.3,point
2025-07-04 05:00:00 PM,19.5,75.9,19.4,15.1,point
2025-07-04 05:30:00 PM,19.1,76.7,18.8,14.9,point
2025-07-04 06:00:00 PM,19.0,77.2,18.7,14.9,point
2025-07-04 06:30:00 PM,17.6,78.9,17.3,13.9,point
2025-07-04 07:00:00 PM,16.2,85.5,16.2,13.8,point
2025-07-04 07:30:00 PM,15.6,86.2,15.5,13.2,point
2025-07-04 08:00:00 PM,14.9,85.3,14.8,12.4,point
2025-07-04 08:30:00 PM,14.6,85.8,14.5,12.2,point
2025-07-04 09:00:00 PM,14.4,87.2,14.5,12.3,point
2025-07-04 09:30:00 PM,14.4,88.3,14.5,12.5,point
2025-07-04 10:00:00 PM,14.2,87.8,14.3,12.3,point
2025-07-04 10:30:00 PM,14.2,88.1,14.3,12.3,point
2025-07-04 11:00:00 PM,14.2,89.4,14.4,12.5,point
2025-07-04 11:30:00 PM,15.9,91.1,16.2,14.4,point
2025-07-05 12:00:00 AM,17.9,84.3,17.8,15.2,point
2025-07-05 12:30:00 AM,18.0,82.9,17.9,15.0,point
2025-07-05 01:00:00 AM,17.7,81.8,17.6,14.5,point
2025-07-05 01:30:00 AM,18.1,82.2,17.9,15.0,point
2025-07-05 02:00:00 AM,17.9,81.2,17.7,14.6,point
2025-07-05 02:30:00 AM,18.1,80.8,18.0,14.8,point
2025-07-05 03:00:00 AM,18.1,81.2,18.0,14.9,point
2025-07-05 03:30:00 AM,17.9,79.8,17.7,14.4,point
2025-07-05 04:00:00 AM,17.9,80.3,17.7,14.5,point
2025-07-05 04:30:00 AM,18.0,79.7,17.8,14.5,point
2025-07-05 05:00:00 AM,17.9,79.8,17.6,14.4,point
2025-07-05 05:30:00 AM,17.8,80.6,17.6,14.4,point
2025-07-05 06:00:00 AM,18.0,80.9,17.9,14.7,point
2025-07-05 06:30:00 AM,18.0,80.0,17.8,14.5,point
2025-07-05 07:00:00 AM,18.1,81.8,18.0,15.0,point
2025-07-05 07:30:00 AM,18.4,82.1,18.3,15.3,point
2025-07-05 08:00:00 AM,18.9,81.8,18.8,15.7,point
2025-07-05 08:30:00 AM,19.6,81.3,19.7,16.3,point
2025-07-05 09:00:00 AM,21.4,87.9,22.2,19.3,point
2025-07-05 09:30:00 AM,20.0,82.0,20.2,16.8,point
2025-07-05 10:00:00 AM,20.5,82.2,20.8,17.4,point
2025-07-05 10:30:00 AM,20.7,82.0,21.2,17.5,point
2025-07-05 11:00:00 AM,21.2,81.6,21.7,17.9,point
2025-07-05 11:30:00 AM,21.8,82.9,22.5,18.7,point
2025-07-05 12:00:00 PM,22.0,83.1,22.9,19.0,point
2025-07-05 12:30:00 PM,22.3,82.8,23.1,19.2,point
2025-07-05 01:00:00 PM,22.3,82.3,23.2,19.1,point
2025-07-05 01:30:00 PM,22.2,81.7,23.0,19.0,point
2025-07-05 02:00:00 PM,22.0,82.0,22.7,18.8,point
2025-07-05 02:30:00 PM,21.7,80.3,22.4,18.2,point
2025-07-05 03:00:00 PM,21.6,80.7,22.3,18.1,point
2025-07-05 03:30:00 PM,20.8,77.9,21.0,16.8,point
2025-07-05 04:00:00 PM,20.6,77.6,20.9,16.6,point
2025-07-05 04:30:00 PM,20.2,77.6,20.3,16.1,point
2025-07-05 05:00:00 PM,19.8,78.0,19.7,15.8,point
2025-07-05 05:30:00 PM,19.3,78.2,19.2,15.4,point
2025-07-05 06:00:00 PM,18.8,76.9,18.5,14.6,point
2025-07-05 06:30:00 PM,17.6,78.3,17.2,13.8,point
2025-07-05 07:00:00 PM,16.0,85.0,16.0,13.5,point
2025-07-05 07:30:00 PM,15.5,86.3,15.5,13.2,point
2025-07-05 08:00:00 PM,15.0,86.2,14.9,12.7,point
2025-07-05 08:30:00 PM,14.4,86.1,14.4,12.1,point
2025-07-05 09:00:00 PM,14.4,88.0,14.5,12.5,point
2025-07-05 09:30:00 PM,14.3,88.3,14.5,12.4,point
2025-07-05 10:00:00 PM,14.2,88.4,14.3,12.3,point
2025-07-05 10:30:00 PM,14.3,90.0,14.4,12.7,point
2025-07-05 11:00:00 PM,14.2,88.5,14.3,12.3,point
2025-07-05 11:30:00 PM,15.6,91.8,15.9,14.3,point
2025-07-06 12:00:00 AM,17.4,84.6,17.3,14.8,point
2025-07-06 12:30:00 AM,17.7,82.6,17.7,14.7,point
2025-07-06 01:00:00 AM,17.6,81.8,17.4,14.4,point
2025-07-06 01:30:00 AM,17.5,79.8,17.3,14.0,point
2025-07-06 02:00:00 AM,17.6,81.1,17.5,14.3,point
2025-07-06 02:30:00 AM,17.7,80.7,17.6,14.3,point
2025-07-06 03:00:00 AM,17.7,81.2,17.5,14.4,point
2025-07-06 03:30:00 AM,17.8,81.5,17.6,14.6,point
2025-07-06 04:00:00 AM,18.0,80.9,17.9,14.7,point
2025-07-06 04:30:00 AM,17.8,81.1,17.6,14.5,point
2025-07-06 05:00:00 AM,17.9,81.0,17.7,14.6,point
2025-07-06 05:30:00 AM,17.7,80.5,17.5,14.3,point
2025-07-06 06:00:00 AM,17.7,80.7,17.5,14.3,point
2025-07-06 06:30:00 AM,18.0,81.5,17.9,14.8,point
2025-07-06 07:00:00 AM,18.0,82.4,17.9,15.0,point
2025-07-06 07:30:00 AM,18.6,83.0,18.5,15.6,point
2025-07-06 08:00:00 AM,18.8,83.2,18.8,15.9,point
2025-07-06 08:30:00 AM,19.2,83.4,19.4,16.3,point
2025-07-06 09:00:00 AM,19.5,80.7,19.7,16.1,point
2025-07-06 09:30:00 AM,20.2,83.1,20.6,17.2,point
2025-07-06 10:00:00 AM,20.5,83.7,21.0,17.7,point
2025-07-06 10:30:00 AM,21.0,83.9,21.5,18.1,point
2025-07-06 11:00:00 AM,21.2,83.8,21.9,18.4,point
2025-07-06 11:30:00 AM,21.4,83.5,22.0,18.5,point
2025-07-06 12:00:00 PM,21.9,83.0,22.7,18.9,point
2025-07-06 12:30:00 PM,22.2,82.4,23.0,19.1,point
2025-07-06 01:00:00 PM,22.1,81.6,22.9,18.8,point
2025-07-06 01:30:00 PM,22.1,81.7,22.9,18.9,point
2025-07-06 02:00:00 PM,21.9,81.5,22.5,18.6,point
2025-07-06 02:30:00 PM,21.8,81.6,22.4,18.4,point
2025-07-06 03:00:00 PM,21.6,79.2,22.3,17.9,point
2025-07-06 03:30:00 PM,20.8,78.8,21.0,16.9,point
2025-07-06 04:00:00 PM,20.4,78.3,20.6,16.5,point
2025-07-06 04:30:00 PM,20.0,78.8,20.0,16.2,point
2025-07-06 05:00:00 PM,19.4,76.1,19.2,15.1,point
2025-07-06 05:30:00 PM,19.0,78.3,18.7,15.1,point
2025-07-06 06:00:00 PM,18.6,78.0,18.2,14.6,point
2025-07-06 06:30:00 PM,16.9,77.3,16.6,12.9,point
2025-07-06 07:00:00 PM,15.7,86.1,15.7,13.4,point
2025-07-06 07:30:00 PM,15.5,88.5,15.6,13.6,point
2025-07-06 08:00:00 PM,14.7,85.6,14.7,12.3,point
2025-07-06 08:30:00 PM,14.3,86.1,14.2,12.0,point
2025-07-06 09:00:00 PM,14.1,86.8,14.1,11.9,point
2025-07-06 09:30:00 PM,14.0,87.6,14.0,11.9,point
2025-07-06 10:00:00 PM,14.0,88.7,14.1,12.1,point
2025-07-06 10:30:00 PM,13.8,89.0,14.0,12.0,point
2025-07-06 11:00:00 PM,13.9,90.0,14.2,12.3,point
2025-07-06 11:30:00 PM,15.1,90.5,15.3,13.5,point
2025-07-07 12:00:00 AM,17.3,84.4,17.3,14.7,point
2025-07-07 12:30:00 AM,17.4,83.1,17.4,14.5,point
2025-07-07 01:00:00 AM,17.5,82.3,17.4,14.5,point
2025-07-07 01:30:00 AM,17.4,81.9,17.2,14.2,point
2025-07-07 02:00:00 AM,17.4,81.6,17.3,14.3,point
2025-07-07 02:30:00 AM,17.3,79.6,17.1,13.8,point
2025-07-07 03:00:00 AM,17.3,81.0,17.2,14.0,point
2025-07-07 03:30:00 AM,17.4,80.5,17.2,14.0,point
2025-07-07 04:00:00 AM,17.6,80.8,17.4,14.2,point
2025-07-07 04:30:00 AM,17.4,80.5,17.2,14.1,point
2025-07-07 05:00:00 AM,17.6,81.3,17.4,14.3,point
2025-07-07 05:30:00 AM,17.5,80.2,17.3,14.1,point
2025-07-07 06:00:00 AM,17.6,80.7,17.4,14.2,point
2025-07-07 06:30:00 AM,17.5,81.2,17.4,14.3,point
2025-07-07 07:00:00 AM,18.0,82.3,17.8,14.9,point
2025-07-07 07:30:00 AM,18.6,83.3,18.6,15.7,point
2025-07-07 08:00:00 AM,18.7,82.3,18.5,15.6,point
2025-07-07 08:30:00 AM,19.2,83.6,19.4,16.4,point
2025-07-07 09:00:00 AM,19.2,80.7,19.3,15.9,point
2025-07-07 09:30:00 AM,19.7,81.2,19.8,16.4,point
2025-07-07 10:00:00 AM,19.9,80.9,20.0,16.5,point
2025-07-07 10:30:00 AM,20.4,81.6,20.7,17.1,point
2025-07-07 11:00:00 AM,20.6,81.0,20.9,17.2,point
2025-07-07 11:30:00 AM,21.2,82.7,21.8,18.1,point
2025-07-07 12:00:00 PM,21.7,82.4,22.3,18.5,point
2025-07-07 12:30:00 PM,22.2,83.2,23.1,19.2,point
2025-07-07 01:00:00 PM,22.3,83.1,23.1,19.3,point
2025-07-07 01:30:00 PM,21.8,80.8,22.4,18.3,point
2025-07-07 02:00:00 PM,22.8,70.2,23.2,17.1,point
2025-07-07 02:30:00 PM,21.2,71.8,21.5,15.9,point
2025-07-07 03:00:00 PM,21.1,73.3,21.4,16.1,point
2025-07-07 03:30:00 PM,19.7,78.9,19.8,16.0,point
2025-07-07 04:00:00 PM,18.8,79.2,18.7,15.1,point
2025-07-07 04:30:00 PM,19.2,83.8,19.3,16.4,point
2025-07-07 05:00:00 PM,18.1,81.8,18.0,15.0,point
2025-07-07 05:30:00 PM,17.5,83.0,17.5,14.6,point
2025-07-07 06:00:00 PM,17.5,81.7,17.4,14.3,point
2025-07-07 06:30:00 PM,16.4,83.2,16.4,13.6,point
2025-07-07 07:00:00 PM,15.6,87.7,15.6,13.6,point
2025-07-07 07:30:00 PM,14.9,87.5,15.0,12.9,point
2025-07-07 08:00:00 PM,14.2,87.3,14.3,12.2,point
2025-07-07 08:30:00 PM,14.0,88.1,14.0,12.0,point
2025-07-07 09:00:00 PM,13.8,88.7,14.0,12.0,point
2025-07-07 09:30:00 PM,14.2,89.3,14.3,12.5,point
2025-07-07 10:00:00 PM,13.6,88.9,13.8,11.8,point
2025-07-07 10:30:00 PM,14.0,89.7,14.1,12.3,point
2025-07-07 11:00:00 PM,13.8,89.7,14.0,12.1,point
2025-07-07 11:30:00 PM,14.8,89.4,14.9,13.1,point
2025-07-08 12:00:00 AM,16.6,84.5,16.6,14.0,point
2025-07-08 12:30:00 AM,16.5,83.0,16.5,13.6,point
2025-07-08 01:00:00 AM,16.7,82.2,16.5,13.6,point
2025-07-08 01:30:00 AM,16.8,82.7,16.8,13.9,point
2025-07-08 02:00:00 AM,16.8,83.5,16.7,14.0,point
2025-07-08 02:30:00 AM,16.6,82.9,16.6,13.7,point
2025-07-08 03:00:00 AM,17.0,83.5,17.0,14.2,point
2025-07-08 03:30:00 AM,16.7,82.3,16.5,13.6,point
2025-07-08 04:00:00 AM,16.9,82.8,16.8,13.9,point
2025-07-08 04:30:00 AM,16.8,83.0,16.7,13.9,point
2025-07-08 05:00:00 AM,16.8,82.9,16.7,13.8,point
2025-07-08 05:30:00 AM,16.7,81.4,16.6,13.5,point
2025-07-08 06:00:00 AM,16.8,82.9,16.7,13.8,point
2025-07-08 06:30:00 AM,17.1,82.9,17.0,14.1,point
2025-07-08 07:00:00 AM,17.0,82.5,16.9,14.0,point
2025-07-08 07:30:00 AM,17.9,84.1,17.8,15.1,point
2025-07-08 08:00:00 AM,18.3,85.3,18.2,15.8,point
2025-07-08 08:30:00 AM,18.5,84.1,18.5,15.8,point
2025-07-08 09:00:00 AM,18.8,84.7,19.0,16.2,point
2025-07-08 09:30:00 AM,19.2,84.3,19.4,16.5,point
2025-07-08 10:00:00 AM,19.6,83.8,19.9,16.8,point
2025-07-08 10:30:00 AM,19.6,80.0,19.6,16.0,point
2025-07-08 11:00:00 AM,20.1,84.1,20.5,17.4,point
2025-07-08 11:30:00 AM,20.3,82.6,20.6,17.2,point
2025-07-08 12:00:00 PM,20.9,82.4,21.3,17.8,point
2025-07-08 12:30:00 PM,21.4,81.1,22.0,18.1,point
2025-07-08 01:00:00 PM,22.2,88.6,23.3,20.2,point
2025-07-08 01:30:00 PM,21.0,83.2,21.6,18.0,point
2025-07-08 02:00:00 PM,20.6,81.8,21.0,17.4,point
2025-07-08 02:30:00 PM,20.5,82.7,21.0,17.5,point
2025-07-08 03:00:00 PM,19.7,80.2,19.8,16.2,point
2025-07-08 03:30:00 PM,19.5,80.7,19.5,16.1,point
2025-07-08 04:00:00 PM,19.1,81.1,19.2,15.8,point
2025-07-08 04:30:00 PM,19.1,81.4,19.2,15.8,point
2025-07-08 05:00:00 PM,18.3,82.4,18.2,15.3,point
2025-07-08 05:30:00 PM,17.9,81.9,17.8,14.8,point
2025-07-08 06:00:00 PM,17.3,81.6,17.2,14.2,point
2025-07-08 06:30:00 PM,16.3,82.9,16.2,13.4,point
2025-07-08 07:00:00 PM,15.2,87.8,15.2,13.2,point
2025-07-08 07:30:00 PM,14.8,88.6,14.9,12.9,point
2025-07-08 08:00:00 PM,14.4,88.3,14.6,12.5,point
2025-07-08 08:30:00 PM,14.3,89.1,14.5,12.5,point
2025-07-08 09:00:00 PM,14.2,90.4,14.5,12.7,point
2025-07-08 09:30:00 PM,14.2,89.5,14.3,12.5,point
2025-07-08 10:00:00 PM,13.8,89.7,14.0,12.2,point
2025-07-08 10:30:00 PM,13.9,90.5,14.2,12.4,point
2025-07-08 11:00:00 PM,14.0,90.4,14.2,12.4,point
2025-07-08 11:30:00 PM,15.1,92.7,15.4,13.9,point
2025-07-09 12:00:00 AM,16.9,85.9,16.8,14.5,point
2025-07-09 12:30:00 AM,16.9,84.3,16.8,14.2,point
2025-07-09 01:00:00 AM,16.6,83.2,16.6,13.8,point
2025-07-09 01:30:00 AM,16.8,83.9,16.8,14.1,point
2025-07-09 02:00:00 AM,16.7,83.7,16.7,14.0,point
2025-07-09 02:30:00 AM,16.8,84.6,16.7,14.1,point
2025-07-09 03:00:00 AM,16.8,83.8,16.7,14.0,point
2025-07-09 03:30:00 AM,16.4,81.4,16.3,13.2,point
2025-07-09 04:00:00 AM,16.6,82.9,16.5,13.7,point
2025-07-09 04:30:00 AM,16.5,82.5,16.4,13.5,point
2025-07-09 05:00:00 AM,16.8,83.6,16.7,14.0,point
2025-07-09 05:30:00 AM,16.7,82.9,16.7,13.8,point
2025-07-09 06:00:00 AM,16.4,83.2,16.3,13.5,point
2025-07-09 06:30:00 AM,16.9,83.7,16.8,14.1,point
2025-07-09 07:00:00 AM,17.2,84.3,17.2,14.6,point
2025-07-09 07:30:00 AM,17.7,84.1,17.7,15.0,point
2025-07-09 08:00:00 AM,18.4,85.2,18.4,15.8,point
2025-07-09 08:30:00 AM,18.3,83.2,18.3,15.4,point
2025-07-09 09:00:00 AM,18.7,82.7,18.6,15.7,point
2025-07-09 09:30:00 AM,19.2,85.1,19.4,16.7,point
2025-07-09 10:00:00 AM,19.4,84.7,19.6,16.7,point
2025-07-09 10:30:00 AM,19.8,84.9,20.1,17.1,point
2025-07-09 11:00:00 AM,19.9,83.9,20.3,17.1,point
2025-07-09 11:30:00 AM,20.3,84.4,20.7,17.6,point
2025-07-09 12:00:00 PM,20.9,85.5,21.4,18.4,point
2025-07-09 12:30:00 PM,21.2,84.9,21.9,18.6,point
2025-07-09 01:00:00 PM,20.9,84.1,21.5,18.2,point
2025-07-09 01:30:00 PM,20.5,79.6,20.9,16.9,point
2025-07-09 02:00:00 PM,23.9,51.5,23.3,13.3,point
2025-07-09 02:30:00 PM,21.5,79.3,22.2,17.8,point
2025-07-09 03:00:00 PM,19.4,82.0,19.5,16.3,point
2025-07-09 03:30:00 PM,19.1,83.6,19.1,16.2,point
2025-07-09 04:00:00 PM,18.9,84.0,18.9,16.1,point
2025-07-09 04:30:00 PM,18.5,79.7,18.2,14.9,point
2025-07-09 05:00:00 PM,17.9,85.6,17.8,15.4,point
2025-07-09 05:30:00 PM,17.3,87.6,17.4,15.2,point
2025-07-09 06:00:00 PM,16.8,87.6,16.8,14.7,point
2025-07-09 06:30:00 PM,16.2,87.4,16.3,14.1,point
2025-07-09 07:00:00 PM,15.5,89.8,15.6,13.8,point
2025-07-09 07:30:00 PM,15.1,89.8,15.3,13.4,point
2025-07-09 08:00:00 PM,14.6,90.5,14.9,13.1,point
2025-07-09 08:30:00 PM,14.2,89.7,14.3,12.5,point
2025-07-09 09:00:00 PM,14.0,90.3,14.3,12.5,point
2025-07-09 09:30:00 PM,13.9,90.7,14.1,12.4,point
2025-07-09 10:00:00 PM,14.1,91.6,14.4,12.8,point
2025-07-09 10:30:00 PM,14.1,91.3,14.4,12.7,point
2025-07-09 11:00:00 PM,14.0,91.0,14.2,12.5,point
2025-07-09 11:30:00 PM,14.9,94.8,15.2,14.1,point
2025-07-10 12:00:00 AM,16.0,91.0,16.3,14.5,point
2025-07-10 12:30:00 AM,16.1,90.1,16.3,14.5,point
2025-07-10 01:00:00 AM,16.2,90.0,16.5,14.6,point
2025-07-10 01:30:00 AM,16.2,90.8,16.5,14.7,point
2025-07-10 02:00:00 AM,16.2,89.5,16.3,14.5,point
2025-07-10 02:30:00 AM,16.3,89.6,16.4,14.6,point
2025-07-10 03:00:00 AM,16.3,90.2,16.6,14.7,point
2025-07-10 03:30:00 AM,16.2,89.3,16.4,14.5,point
2025-07-10 04:00:00 AM,16.4,89.7,16.6,14.7,point
2025-07-10 04:30:00 AM,16.3,89.5,16.4,14.6,point
2025-07-10 05:00:00 AM,16.4,89.5,16.6,14.7,point
2025-07-10 05:30:00 AM,16.2,88.6,16.4,14.3,point
2025-07-10 06:00:00 AM,16.3,89.2,16.4,14.5,point
2025-07-10 06:30:00 AM,16.2,88.8,16.3,14.3,point
2025-07-10 07:00:00 AM,16.9,91.4,17.2,15.5,point
2025-07-10 07:30:00 AM,17.0,90.9,17.3,15.6,point
2025-07-10 08:00:00 AM,17.5,90.2,17.7,15.8,point
2025-07-10 08:30:00 AM,17.9,89.9,18.1,16.2,point
2025-07-10 09:00:00 AM,18.3,90.5,18.7,16.8,point
2025-07-10 09:30:00 AM,18.7,91.1,19.0,17.2,point
2025-07-10 10:00:00 AM,18.7,88.0,18.8,16.6,point
2025-07-10 10:30:00 AM,18.9,87.4,19.2,16.8,point
2025-07-10 11:00:00 AM,19.9,89.7,20.5,18.2,point
2025-07-10 11:30:00 AM,20.1,91.9,20.8,18.8,point
2025-07-10 12:00:00 PM,20.3,91.1,21.0,18.8,point
2025-07-10 12:30:00 PM,20.9,91.1,21.6,19.4,point
2025-07-10 01:00:00 PM,20.5,88.2,21.1,18.5,point
2025-07-10 01:30:00 PM,20.1,86.5,20.5,17.7,point
2025-07-10 02:00:00 PM,20.0,88.8,20.5,18.1,point
2025-07-10 02:30:00 PM,20.6,84.0,21.1,17.9,point
2025-07-10 03:00:00 PM,20.3,85.6,20.8,17.8,point
2025-07-10 03:30:00 PM,19.9,84.2,20.3,17.2,point
2025-07-10 04:00:00 PM,19.4,84.2,19.6,16.7,point
2025-07-10 04:30:00 PM,19.1,84.3,19.1,16.4,point
2025-07-10 05:00:00 PM,18.6,84.4,18.6,15.9,point
2025-07-10 05:30:00 PM,18.2,84.1,18.1,15.4,point
2025-07-10 06:00:00 PM,17.6,83.2,17.6,14.8,point
2025-07-10 06:30:00 PM,16.9,83.8,16.8,14.1,point
2025-07-10 07:00:00 PM,16.1,87.3,16.1,14.0,point
2025-07-10 07:30:00 PM,15.7,87.0,15.7,13.5,point
2025-07-10 08:00:00 PM,15.3,87.9,15.4,13.3,point
2025-07-10 08:30:00 PM,14.6,86.3,14.6,12.4,point
2025-07-10 09:00:00 PM,14.7,88.4,14.9,12.8,point
2025-07-10 09:30:00 PM,14.8,89.6,14.9,13.1,point
2025-07-10 10:00:00 PM,14.8,88.2,14.9,12.8,point
2025-07-10 10:30:00 PM,14.8,89.5,15.0,13.1,point
2025-07-10 11:00:00 PM,14.6,88.9,14.8,12.8,point
2025-07-10 11:30:00 PM,15.3,90.5,15.6,13.8,point
2025-07-11 12:00:00 AM,17.0,89.2,17.2,15.2,point
2025-07-11 12:30:00 AM,17.1,87.8,17.2,15.1,point
2025-07-11 01:00:00 AM,17.2,87.4,17.2,15.1,point
2025-07-11 01:30:00 AM,17.3,87.5,17.3,15.2,point
2025-07-11 02:00:00 AM,17.4,88.6,17.5,15.5,point
2025-07-11 02:30:00 AM,17.3,85.8,17.3,14.9,point
2025-07-11 03:00:00 AM,17.2,86.3,17.3,14.9,point
2025-07-11 03:30:00 AM,17.4,86.9,17.5,15.2,point
2025-07-11 04:00:00 AM,17.4,86.7,17.5,15.2,point
2025-07-11 04:30:00 AM,17.4,86.3,17.4,15.1,point
2025-07-11 05:00:00 AM,17.4,86.9,17.4,15.2,point
2025-07-11 05:30:00 AM,17.3,86.9,17.4,15.1,point
2025-07-11 06:00:00 AM,17.3,87.5,17.4,15.2,point
2025-07-11 06:30:00 AM,17.4,87.9,17.5,15.4,point
2025-07-11 07:00:00 AM,17.7,87.8,17.8,15.6,point
2025-07-11 07:30:00 AM,18.2,88.8,18.4,16.4,point
2025-07-11 08:00:00 AM,18.6,88.0,18.8,16.6,point
2025-07-11 08:30:00 AM,18.9,87.3,19.2,16.8,point
2025-07-11 09:00:00 AM,19.4,88.4,19.9,17.5,point
2025-07-11 09:30:00 AM,19.6,87.7,20.0,17.5,point
2025-07-11 10:00:00 AM,20.0,88.8,20.5,18.1,point
2025-07-11 10:30:00 AM,20.4,89.8,20.9,18.7,point
2025-07-11 11:00:00 AM,20.6,89.3,21.3,18.8,point
2025-07-11 11:30:00 AM,21.0,90.1,21.9,19.3,point
2025-07-11 12:00:00 PM,21.3,89.3,22.1,19.5,point
2025-07-11 12:30:00 PM,21.6,88.6,22.5,19.6,point
2025-07-11 01:00:00 PM,21.4,84.6,22.1,18.7,point
2025-07-11 01:30:00 PM,20.4,89.3,21.0,18.6,point
2025-07-11 02:00:00 PM,20.0,89.9,20.6,18.3,point
2025-07-11 02:30:00 PM,19.7,90.5,20.3,18.1,point
2025-07-11 03:00:00 PM,19.5,90.8,20.1,18.0,point
2025-07-11 03:30:00 PM,19.3,91.0,19.8,17.8,point
2025-07-11 04:00:00 PM,18.7,89.1,19.0,16.9,point
2025-07-11 04:30:00 PM,18.2,90.0,18.5,16.6,point
2025-07-11 05:00:00 PM,17.7,89.3,17.9,15.9,point
2025-07-11 05:30:00 PM,17.3,88.8,17.5,15.5,point
2025-07-11 06:00:00 PM,17.1,89.1,17.2,15.3,point
2025-07-11 06:30:00 PM,16.3,89.5,16.5,14.6,point
2025-07-11 07:00:00 PM,15.4,91.4,15.7,14.1,point
2025-07-11 07:30:00 PM,14.9,91.4,15.1,13.5,point
2025-07-11 08:00:00 PM,14.4,90.1,14.6,12.8,point
2025-07-11 08:30:00 PM,13.8,91.8,14.1,12.5,point
2025-07-11 09:00:00 PM,14.2,93.5,14.4,13.1,point
2025-07-11 09:30:00 PM,14.0,92.4,14.3,12.8,point
2025-07-11 10:00:00 PM,14.2,92.5,14.4,13.0,point
2025-07-11 10:30:00 PM,14.0,92.7,14.2,12.8,point
2025-07-11 11:00:00 PM,14.3,93.4,14.6,13.3,point
2025-07-11 11:30:00 PM,15.1,96.1,15.5,14.4,point
2025-07-12 12:00:00 AM,16.6,93.2,17.0,15.5,point
2025-07-12 12:30:00 AM,16.7,91.1,16.9,15.2,point
2025-07-12 01:00:00 AM,16.5,90.6,16.7,14.9,point
2025-07-12 01:30:00 AM,16.3,90.3,16.5,14.7,point
2025-07-12 02:00:00 AM,16.3,89.9,16.5,14.7,point
2025-07-12 02:30:00 AM,16.5,89.6,16.6,14.8,point
2025-07-12 03:00:00 AM,16.4,89.6,16.5,14.6,point
2025-07-12 03:30:00 AM,16.5,91.0,16.8,15.0,point
2025-07-12 04:00:00 AM,16.4,89.6,16.6,14.7,point
2025-07-12 04:30:00 AM,16.3,89.6,16.4,14.6,point
2025-07-12 05:00:00 AM,16.2,88.2,16.2,14.2,point
2025-07-12 05:30:00 AM,16.5,90.7,16.7,14.9,point
2025-07-12 06:00:00 AM,16.5,89.7,16.6,14.8,point
2025-07-12 06:30:00 AM,16.6,90.2,16.8,14.9,point
2025-07-12 07:00:00 AM,16.9,91.4,17.1,15.4,point
2025-07-12 07:30:00 AM,17.2,91.8,17.5,15.9,point
2025-07-12 08:00:00 AM,17.8,92.2,18.1,16.5,point
2025-07-12 08:30:00 AM,18.2,90.5,18.5,16.6,point
2025-07-12 09:00:00 AM,18.6,89.5,18.8,16.8,point
2025-07-12 09:30:00 AM,19.7,97.2,20.5,19.2,point
2025-07-12 10:00:00 AM,19.6,92.8,20.3,18.4,point
2025-07-12 10:30:00 AM,19.7,91.6,20.3,18.3,point
2025-07-12 11:00:00 AM,20.1,91.5,20.8,18.7,point
2025-07-12 11:30:00 AM,20.2,91.3,20.9,18.8,point
2025-07-12 12:00:00 PM,21.1,90.9,22.0,19.6,point
2025-07-12 12:30:00 PM,21.4,92.9,22.3,20.2,point
2025-07-12 01:00:00 PM,20.9,88.5,21.5,18.9,point
2025-07-12 01:30:00 PM,20.6,88.4,21.2,18.6,point
2025-07-12 02:00:00 PM,20.3,88.7,20.8,18.4,point
2025-07-12 02:30:00 PM,19.8,89.2,20.2,18.0,point
2025-07-12 03:00:00 PM,19.9,89.7,20.5,18.2,point
2025-07-12 03:30:00 PM,19.4,91.4,19.8,17.9,point
2025-07-12 04:00:00 PM,18.6,87.5,18.8,16.5,point
2025-07-12 04:30:00 PM,18.2,87.4,18.3,16.1,point
2025-07-12 05:00:00 PM,17.7,87.6,17.8,15.6,point
2025-07-12 05:30:00 PM,17.2,87.2,17.3,15.1,point
2025-07-12 06:00:00 PM,16.7,87.3,16.8,14.6,point
2025-07-12 06:30:00 PM,16.2,88.6,16.3,14.3,point
2025-07-12 07:00:00 PM,15.2,89.7,15.4,13.5,point
2025-07-12 07:30:00 PM,14.9,90.9,15.1,13.4,point
2025-07-12 08:00:00 PM,14.3,88.2,14.4,12.4,point
2025-07-12 08:30:00 PM,13.9,90.0,14.0,12.3,point
2025-07-12 09:00:00 PM,13.9,90.7,14.2,12.4,point
2025-07-12 09:30:00 PM,14.0,91.2,14.2,12.6,point
2025-07-12 10:00:00 PM,14.0,90.8,14.2,12.5,point
2025-07-12 10:30:00 PM,14.0,92.5,14.2,12.8,point
2025-07-12 11:00:00 PM,14.1,92.0,14.3,12.8,point
2025-07-12 11:30:00 PM,14.6,93.8,15.0,13.6,point
2025-07-13 12:00:00 AM,16.1,91.9,16.4,14.8,point
2025-07-13 12:30:00 AM,16.1,89.8,16.2,14.4,point
2025-07-13 01:00:00 AM,16.2,90.5,16.5,14.7,point
2025-07-13 01:30:00 AM,16.2,89.5,16.3,14.4,point
2025-07-13 02:00:00 AM,16.1,88.7,16.3,14.3,point
2025-07-13 02:30:00 AM,16.1,89.3,16.2,14.3,point
2025-07-13 03:00:00 AM,16.2,89.2,16.3,14.4,point
2025-07-13 03:30:00 AM,16.1,89.1,16.3,14.3,point
2025-07-13 04:00:00 AM,16.2,88.8,16.4,14.4,point
2025-07-13 04:30:00 AM,16.2,89.3,16.4,14.4,point
2025-07-13 05:00:00 AM,16.2,88.6,16.3,14.3,point
2025-07-13 05:30:00 AM,16.4,90.5,16.6,14.8,point
2025-07-13 06:00:00 AM,16.3,89.3,16.5,14.6,point
2025-07-13 06:30:00 AM,16.4,90.2,16.6,14.8,point
2025-07-13 07:00:00 AM,16.6,89.9,16.7,14.9,point
2025-07-13 07:30:00 AM,17.2,92.1,17.6,15.9,point
2025-07-13 08:00:00 AM,17.8,92.2,18.1,16.5,point
2025-07-13 08:30:00 AM,18.0,91.5,18.3,16.6,point
2025-07-13 09:00:00 AM,18.4,91.0,18.7,16.9,point
2025-07-13 09:30:00 AM,18.6,91.3,19.0,17.2,point
2025-07-13 10:00:00 AM,19.0,90.5,19.5,17.4,point
2025-07-13 10:30:00 AM,19.4,89.6,19.7,17.6,point
2025-07-13 11:00:00 AM,19.7,89.1,20.2,17.9,point
2025-07-13 11:30:00 AM,20.0,88.4,20.6,18.0,point
2025-07-13 12:00:00 PM,20.7,87.4,21.3,18.5,point
2025-07-13 12:30:00 PM,20.9,86.8,21.5,18.6,point
2025-07-13 01:00:00 PM,20.6,85.3,21.0,18.0,point
2025-07-13 01:30:00 PM,20.4,85.0,20.8,17.8,point
2025-07-13 02:00:00 PM,20.1,85.8,20.4,17.6,point
2025-07-13 02:30:00 PM,20.0,85.8,20.4,17.6,point
2025-07-13 03:00:00 PM,19.6,86.4,20.0,17.3,point
2025-07-13 03:30:00 PM,19.3,86.7,19.5,17.0,point
2025-07-13 04:00:00 PM,19.1,88.0,19.4,17.1,point
2025-07-13 04:30:00 PM,18.2,84.7,18.2,15.6,point
2025-07-13 05:00:00 PM,17.8,85.4,17.8,15.3,point
2025-07-13 05:30:00 PM,17.6,86.9,17.7,15.4,point
2025-07-13 06:00:00 PM,16.8,85.4,16.7,14.3,point
2025-07-13 06:30:00 PM,16.1,87.1,16.2,14.0,point
2025-07-13 07:00:00 PM,15.6,89.7,15.8,13.9,point
2025-07-13 07:30:00 PM,15.1,89.5,15.3,13.4,point
2025-07-13 08:00:00 PM,14.6,89.8,14.7,12.9,point
2025-07-13 08:30:00 PM,14.2,89.8,14.4,12.6,point
2025-07-13 09:00:00 PM,14.2,90.0,14.5,12.6,point
2025-07-13 09:30:00 PM,14.2,89.9,14.4,12.6,point
2025-07-13 10:00:00 PM,14.2,90.7,14.5,12.7,point
2025-07-13 10:30:00 PM,14.3,91.7,14.5,12.9,point
2025-07-13 11:00:00 PM,14.2,91.3,14.5,12.8,point
2025-07-13 11:30:00 PM,15.0,94.5,15.3,14.1,point
2025-07-14 12:00:00 AM,16.4,92.2,16.8,15.1,point
2025-07-14 12:30:00 AM,16.5,90.4,16.7,14.9,point
2025-07-14 01:00:00 AM,16.5,89.5,16.6,14.8,point
2025-07-14 01:30:00 AM,16.4,88.9,16.6,14.6,point
2025-07-14 02:00:00 AM,16.3,89.1,16.5,14.5,point
2025-07-14 02:30:00 AM,16.6,89.8,16.7,14.9,point
2025-07-14 03:00:00 AM,16.4,88.5,16.5,14.4,point
2025-07-14 03:30:00 AM,16.5,88.9,16.7,14.7,point
2025-07-14 04:00:00 AM,16.6,89.4,16.8,14.8,point
2025-07-14 04:30:00 AM,16.5,89.5,16.7,14.8,point
2025-07-14 05:00:00 AM,16.5,89.2,16.7,14.7,point
2025-07-14 05:30:00 AM,16.4,89.0,16.6,14.6,point
2025-07-14 06:00:00 AM,16.5,89.2,16.7,14.8,point
2025-07-14 06:30:00 AM,16.6,89.6,16.8,14.9,point
2025-07-14 07:00:00 AM,16.9,90.3,17.1,15.3,point
2025-07-14 07:30:00 AM,17.3,90.5,17.5,15.7,point
2025-07-14 08:00:00 AM,17.7,90.2,18.0,16.1,point
2025-07-14 08:30:00 AM,18.3,91.5,18.5,16.9,point
2025-07-14 09:00:00 AM,18.6,91.0,18.9,17.1,point
2025-07-14 09:30:00 AM,18.7,88.7,19.0,16.8,point
2025-07-14 10:00:00 AM,19.0,87.6,19.2,16.9,point
2025-07-14 10:30:00 AM,19.9,90.7,20.4,18.3,point
2025-07-14 11:00:00 AM,20.1,91.8,20.7,18.7,point
2025-07-14 11:30:00 AM,20.3,91.4,21.0,18.9,point
2025-07-14 12:00:00 PM,20.8,91.7,21.6,19.4,point
2025-07-14 12:30:00 PM,21.0,89.0,21.8,19.1,point
2025-07-14 01:00:00 PM,21.0,88.1,21.6,18.9,point
2025-07-14 01:30:00 PM,20.6,86.3,21.2,18.2,point
2025-07-14 02:00:00 PM,20.4,87.7,20.9,18.3,point
2025-07-14 02:30:00 PM,20.1,89.1,20.7,18.3,point
2025-07-14 03:00:00 PM,19.8,86.9,20.2,17.5,point
2025-07-14 03:30:00 PM,19.1,82.8,19.3,16.1,point
2025-07-14 04:00:00 PM,18.9,85.2,19.0,16.4,point
2025-07-14 04:30:00 PM,18.5,86.7,18.7,16.3,point
2025-07-14 05:00:00 PM,18.0,87.3,18.1,15.9,point
2025-07-14 05:30:00 PM,17.3,86.4,17.4,15.0,point
2025-07-14 06:00:00 PM,17.0,86.0,16.9,14.6,point
2025-07-14 06:30:00 PM,16.3,86.9,16.4,14.1,point
2025-07-14 07:00:00 PM,15.5,88.0,15.5,13.5,point
2025-07-14 07:30:00 PM,14.9,88.7,15.0,13.0,point
2025-07-14 08:00:00 PM,14.5,89.8,14.7,12.8,point
2025-07-14 08:30:00 PM,14.1,89.9,14.3,12.5,point
2025-07-14 09:00:00 PM,14.1,90.3,14.3,12.5,point
2025-07-14 09:30:00 PM,14.2,91.0,14.4,12.7,point
2025-07-14 10:00:00 PM,14.2,91.6,14.4,12.8,point
2025-07-14 10:30:00 PM,14.2,92.3,14.5,13.0,point
2025-07-14 11:00:00 PM,13.9,91.2,14.2,12.5,point
2025-07-14 11:30:00 PM,14.9,94.8,15.2,14.1,point
2025-07-15 12:00:00 AM,16.3,92.0,16.7,15.0,point
2025-07-15 12:30:00 AM,16.2,89.7,16.4,14.5,point
2025-07-15 01:00:00 AM,16.4,89.8,16.6,14.8,point
2025-07-15 01:30:00 AM,16.3,89.4,16.5,14.6,point
2025-07-15 02:00:00 AM,16.4,88.8,16.5,14.5,point
2025-07-15 02:30:00 AM,16.5,89.6,16.6,14.8,point
2025-07-15 03:00:00 AM,16.5,89.7,16.6,14.8,point
2025-07-15 03:30:00 AM,16.3,87.4,16.3,14.2,point
2025-07-15 04:00:00 AM,16.3,89.1,16.4,14.5,point
2025-07-15 04:30:00 AM,16.4,89.0,16.5,14.6,point
2025-07-15 05:00:00 AM,16.4,88.9,16.6,14.6,point
2025-07-15 05:30:00 AM,16.5,89.7,16.6,14.8,point
2025-07-15 06:00:00 AM,16.5,90.1,16.8,14.9,point
2025-07-15 06:30:00 AM,16.5,89.3,16.7,14.7,point
2025-07-15 07:00:00 AM,16.8,89.8,16.9,15.1,point
2025-07-15 07:30:00 AM,17.3,90.1,17.5,15.6,point
2025-07-15 08:00:00 AM,17.8,91.5,18.1,16.4,point
2025-07-15 08:30:00 AM,18.3,91.1,18.5,16.8,point
2025-07-15 09:00:00 AM,18.6,91.5,19.0,17.2,point
2025-07-15 09:30:00 AM,18.9,91.4,19.2,17.4,point
2025-07-15 10:00:00 AM,19.1,91.1,19.6,17.6,point
2025-07-15 10:30:00 AM,19.6,90.9,20.1,18.0,point
2025-07-15 11:00:00 AM,19.9,91.3,20.4,18.4,point
2025-07-15 11:30:00 AM,20.0,90.5,20.7,18.4,point
2025-07-15 12:00:00 PM,20.5,91.2,21.3,19.0,point
2025-07-15 12:30:00 PM,21.0,90.4,21.7,19.4,point
2025-07-15 01:00:00 PM,20.8,87.0,21.4,18.5,point
2025-07-15 01:30:00 PM,20.3,83.8,20.8,17.5,point
2025-07-15 02:00:00 PM,20.0,86.7,20.5,17.7,point
2025-07-15 02:30:00 PM,19.7,87.3,20.2,17.6,point
2025-07-15 03:00:00 PM,19.3,85.8,19.6,16.9,point
2025-07-15 03:30:00 PM,19.1,86.3,19.4,16.8,point
2025-07-15 04:00:00 PM,18.5,85.5,18.6,16.0,point
2025-07-15 04:30:00 PM,18.3,87.3,18.3,16.1,point
2025-07-15 05:00:00 PM,17.7,87.0,17.7,15.5,point
2025-07-15 05:30:00 PM,17.1,87.2,17.2,15.0,point
2025-07-15 06:00:00 PM,16.8,87.0,16.9,14.6,point
2025-07-15 06:30:00 PM,16.4,88.7,16.5,14.5,point
2025-07-15 07:00:00 PM,15.4,90.6,15.6,13.9,point
2025-07-15 07:30:00 PM,15.2,91.5,15.5,13.9,point
2025-07-15 08:00:00 PM,14.5,89.8,14.7,12.9,point
2025-07-15 08:30:00 PM,14.3,91.0,14.6,12.8,point
2025-07-15 09:00:00 PM,14.0,91.6,14.2,12.6,point
2025-07-15 09:30:00 PM,14.1,91.9,14.4,12.8,point
2025-07-15 10:00:00 PM,14.2,92.2,14.5,13.0,point
2025-07-15 10:30:00 PM,14.1,92.3,14.3,12.8,point
2025-07-15 11:00:00 PM,14.3,92.9,14.6,13.2,point
2025-07-15 11:30:00 PM,14.9,94.8,15.2,14.1,point
2025-07-16 12:00:00 AM,16.4,92.9,16.8,15.3,point
2025-07-16 12:30:00 AM,16.3,91.7,16.5,14.9,point
2025-07-16 01:00:00 AM,16.3,90.8,16.5,14.8,point
2025-07-16 01:30:00 AM,16.3,91.0,16.6,14.9,point
2025-07-16 02:00:00 AM,16.5,91.6,16.7,15.1,point
2025-07-16 02:30:00 AM,16.4,91.3,16.6,14.9,point
2025-07-16 03:00:00 AM,16.4,90.2,16.7,14.8,point
2025-07-16 03:30:00 AM,16.4,91.4,16.7,15.0,point
2025-07-16 04:00:00 AM,16.3,90.5,16.6,14.8,point
2025-07-16 04:30:00 AM,16.1,90.4,16.3,14.5,point
2025-07-16 05:00:00 AM,16.4,90.8,16.6,14.9,point
2025-07-16 05:30:00 AM,16.1,89.3,16.3,14.4,point
2025-07-16 06:00:00 AM,16.4,90.7,16.6,14.8,point
2025-07-16 06:30:00 AM,16.4,90.7,16.7,14.9,point
2025-07-16 07:00:00 AM,16.8,92.3,17.1,15.5,point
2025-07-16 07:30:00 AM,17.2,91.9,17.5,15.9,point
2025-07-16 08:00:00 AM,17.7,91.3,18.0,16.3,point
2025-07-16 08:30:00 AM,18.1,92.2,18.5,16.9,point
2025-07-16 09:00:00 AM,18.5,92.0,19.0,17.2,point
2025-07-16 09:30:00 AM,18.9,92.9,19.3,17.7,point
2025-07-16 10:00:00 AM,19.2,91.8,19.7,17.8,point
2025-07-16 10:30:00 AM,19.5,92.5,20.1,18.2,point
2025-07-16 11:00:00 AM,19.7,91.9,20.3,18.4,point
2025-07-16 11:30:00 AM,20.2,93.0,20.8,19.0,point
2025-07-16 12:00:00 PM,20.4,91.3,21.1,18.9,point
2025-07-16 12:30:00 PM,20.8,90.6,21.6,19.2,point
2025-07-16 01:00:00 PM,20.6,89.8,21.3,18.9,point
2025-07-16 01:30:00 PM,20.4,90.1,21.1,18.8,point
2025-07-16 02:00:00 PM,20.2,90.2,20.9,18.5,point
2025-07-16 02:30:00 PM,20.2,90.2,20.9,18.6,point
2025-07-16 03:00:00 PM,19.8,90.4,20.3,18.1,point
2025-07-16 03:30:00 PM,19.4,89.5,19.7,17.6,point
2025-07-16 04:00:00 PM,18.8,88.8,19.0,16.9,point
2025-07-16 04:30:00 PM,18.0,86.3,17.9,15.7,point
2025-07-16 05:00:00 PM,17.6,86.9,17.6,15.4,point
2025-07-16 05:30:00 PM,17.3,88.1,17.3,15.3,point
2025-07-16 06:00:00 PM,16.9,87.5,16.9,14.8,point
2025-07-16 06:30:00 PM,16.0,88.8,16.1,14.1,point
2025-07-16 07:00:00 PM,15.4,90.6,15.7,13.9,point
2025-07-16 07:30:00 PM,15.1,91.8,15.4,13.8,point
2025-07-16 08:00:00 PM,14.7,91.3,15.0,13.3,point
2025-07-16 08:30:00 PM,14.1,91.7,14.3,12.8,point
2025-07-16 09:00:00 PM,14.3,92.1,14.5,13.0,point
2025-07-16 09:30:00 PM,14.2,93.8,14.5,13.2,point
2025-07-16 10:00:00 PM,14.2,91.8,14.4,12.8,point
2025-07-16 10:30:00 PM,13.8,92.2,14.1,12.6,point
2025-07-16 11:00:00 PM,14.0,93.4,14.2,12.9,point
2025-07-16 11:30:00 PM,14.8,95.7,15.3,14.1,point
2025-07-17 12:00:00 AM,16.2,93.6,16.5,15.2,point
2025-07-17 12:30:00 AM,16.3,92.3,16.6,15.0,point
2025-07-17 01:00:00 AM,16.3,92.0,16.6,15.0,point
2025-07-17 01:30:00 AM,16.3,91.1,16.5,14.8,point
2025-07-17 02:00:00 AM,16.0,90.5,16.3,14.5,point
2025-07-17 02:30:00 AM,16.2,91.3,16.5,14.8,point
2025-07-17 03:00:00 AM,16.4,91.6,16.7,15.1,point
2025-07-17 03:30:00 AM,16.3,91.2,16.6,14.9,point
2025-07-17 04:00:00 AM,16.4,92.3,16.8,15.1,point
2025-07-17 04:30:00 AM,16.3,90.7,16.5,14.8,point
2025-07-17 05:00:00 AM,16.4,90.8,16.6,14.8,point
2025-07-17 05:30:00 AM,16.4,90.9,16.6,14.9,point
2025-07-17 06:00:00 AM,16.4,91.5,16.7,15.1,point
2025-07-17 06:30:00 AM,16.5,91.6,16.7,15.1,point
2025-07-17 07:00:00 AM,16.9,92.4,17.2,15.7,point
2025-07-17 07:30:00 AM,17.3,93.3,17.7,16.2,point
2025-07-17 08:00:00 AM,17.8,92.3,18.1,16.5,point
2025-07-17 08:30:00 AM,18.3,93.5,18.8,17.2,point
2025-07-17 09:00:00 AM,18.8,93.8,19.3,17.8,point
2025-07-17 09:30:00 AM,18.9,92.7,19.3,17.7,point
2025-07-17 10:00:00 AM,18.9,88.8,19.1,17.0,point
2025-07-17 10:30:00 AM,19.6,92.9,20.1,18.4,point
2025-07-17 11:00:00 AM,20.0,94.0,20.8,19.0,point
2025-07-17 11:30:00 AM,20.3,94.0,21.2,19.3,point
2025-07-17 12:00:00 PM,20.8,93.3,21.5,19.7,point
2025-07-17 12:30:00 PM,21.1,91.9,22.0,19.7,point
2025-07-17 01:00:00 PM,20.9,87.5,21.5,18.7,point
2025-07-17 01:30:00 PM,20.8,90.3,21.5,19.1,point
2025-07-17 02:00:00 PM,20.5,90.8,21.3,18.9,point
2025-07-17 02:30:00 PM,20.2,90.9,20.9,18.7,point
2025-07-17 03:00:00 PM,20.2,91.9,20.8,18.8,point
2025-07-17 03:30:00 PM,20.1,91.5,20.8,18.7,point
2025-07-17 04:00:00 PM,19.8,88.4,20.2,17.8,point
2025-07-17 04:30:00 PM,19.2,89.2,19.6,17.4,point
2025-07-17 05:00:00 PM,18.9,89.2,19.1,17.0,point
2025-07-17 05:30:00 PM,18.5,88.5,18.8,16.6,point
2025-07-17 06:00:00 PM,17.9,89.5,18.0,16.1,point
2025-07-17 06:30:00 PM,17.1,89.0,17.3,15.3,point
2025-07-17 07:00:00 PM,16.2,92.0,16.6,14.9,point
2025-07-17 07:30:00 PM,15.7,91.0,16.0,14.3,point
2025-07-17 08:00:00 PM,15.2,91.5,15.4,13.8,point
2025-07-17 08:30:00 PM,14.8,90.8,15.0,13.2,point
2025-07-17 09:00:00 PM,14.7,91.8,14.9,13.3,point
2025-07-17 09:30:00 PM,14.8,92.3,15.1,13.6,point
2025-07-17 10:00:00 PM,14.6,92.3,14.9,13.4,point
2025-07-17 10:30:00 PM,14.7,92.3,14.9,13.4,point
2025-07-17 11:00:00 PM,14.6,91.6,14.8,13.2,point
2025-07-17 11:30:00 PM,15.2,96.2,15.7,14.6,point
2025-07-18 12:00:00 AM,17.0,92.6,17.4,15.8,point
2025-07-18 12:30:00 AM,17.2,90.7,17.4,15.6,point
2025-07-18 01:00:00 AM,17.3,90.3,17.6,15.7,point
2025-07-18 01:30:00 AM,17.4,91.3,17.7,16.0,point
2025-07-18 02:00:00 AM,17.5,90.7,17.8,15.9,point
2025-07-18 02:30:00 AM,17.4,88.9,17.6,15.6,point
2025-07-18 03:00:00 AM,17.6,90.0,17.7,15.9,point
2025-07-18 03:30:00 AM,17.5,90.2,17.8,15.9,point
2025-07-18 04:00:00 AM,17.4,89.6,17.6,15.7,point
2025-07-18 04:30:00 AM,17.3,89.5,17.5,15.6,point
2025-07-18 05:00:00 AM,17.4,89.7,17.6,15.7,point
2025-07-18 05:30:00 AM,17.4,89.3,17.6,15.7,point
2025-07-18 06:00:00 AM,17.4,89.2,17.6,15.6,point
2025-07-18 06:30:00 AM,17.4,89.2,17.5,15.6,point
2025-07-18 07:00:00 AM,17.7,89.5,17.9,15.9,point
2025-07-18 07:30:00 AM,18.0,89.5,18.2,16.3,point
2025-07-18 08:00:00 AM,18.3,89.0,18.6,16.5,point
2025-07-18 08:30:00 AM,18.8,86.8,18.9,16.5,point
2025-07-18 09:00:00 AM,19.2,90.7,19.7,17.7,point
2025-07-18 09:30:00 AM,19.7,91.7,20.3,18.3,point
2025-07-18 10:00:00 AM,19.8,91.0,20.4,18.3,point
2025-07-18 10:30:00 AM,20.2,91.5,20.9,18.8,point
2025-07-18 11:00:00 AM,20.5,90.6,21.3,18.9,point
2025-07-18 11:30:00 AM,20.8,91.6,21.6,19.4,point
2025-07-18 12:00:00 PM,21.2,92.7,22.0,19.9,point
2025-07-18 12:30:00 PM,21.6,93.2,22.5,20.4,point
2025-07-18 01:00:00 PM,21.5,89.8,22.2,19.7,point
2025-07-18 01:30:00 PM,21.7,88.9,22.6,19.8,point
2025-07-18 02:00:00 PM,20.6,90.1,21.3,18.9,point
2025-07-18 02:30:00 PM,20.1,88.9,20.6,18.2,point
2025-07-18 03:00:00 PM,19.7,89.3,20.2,17.9,point
2025-07-18 03:30:00 PM,19.4,89.7,19.9,17.7,point
2025-07-18 04:00:00 PM,18.9,88.0,19.1,16.9,point
2025-07-18 04:30:00 PM,18.4,87.8,18.5,16.3,point
2025-07-18 05:00:00 PM,17.9,87.2,17.9,15.7,point
2025-07-18 05:30:00 PM,17.5,87.3,17.6,15.4,point
2025-07-18 06:00:00 PM,17.0,87.0,17.1,14.8,point
2025-07-18 06:30:00 PM,16.4,87.9,16.5,14.4,point
2025-07-18 07:00:00 PM,15.7,90.2,16.0,14.1,point
2025-07-18 07:30:00 PM,15.4,90.6,15.6,13.9,point
2025-07-18 08:00:00 PM,14.9,90.4,15.1,13.3,point
2025-07-18 08:30:00 PM,14.5,90.5,14.7,12.9,point
2025-07-18 09:00:00 PM,14.4,91.4,14.6,13.0,point
2025-07-18 09:30:00 PM,14.4,92.5,14.7,13.2,point
2025-07-18 10:00:00 PM,14.3,92.5,14.5,13.1,point
2025-07-18 10:30:00 PM,14.3,92.3,14.6,13.1,point
2025-07-18 11:00:00 PM,14.2,92.7,14.5,13.1,point
2025-07-18 11:30:00 PM,15.1,96.5,15.6,14.6,point
2025-07-19 12:00:00 AM,16.3,92.9,16.7,15.2,point
2025-07-19 12:30:00 AM,16.4,91.7,16.7,15.1,point
2025-07-19 01:00:00 AM,16.4,91.7,16.7,15.1,point
2025-07-19 01:30:00 AM,16.6,91.5,16.8,15.2,point
2025-07-19 02:00:00 AM,16.6,91.0,16.8,15.1,point
2025-07-19 02:30:00 AM,16.5,90.0,16.7,14.8,point
2025-07-19 03:00:00 AM,16.5,90.8,16.8,15.0,point
2025-07-19 03:30:00 AM,16.6,91.4,16.8,15.2,point
2025-07-19 04:00:00 AM,16.7,91.3,17.0,15.3,point
2025-07-19 04:30:00 AM,16.6,89.8,16.8,14.9,point
2025-07-19 05:00:00 AM,16.6,90.9,16.8,15.1,point
2025-07-19 05:30:00 AM,16.6,90.6,16.9,15.1,point
2025-07-19 06:00:00 AM,16.6,90.9,16.9,15.1,point
2025-07-19 06:30:00 AM,16.6,91.5,16.9,15.2,point
2025-07-19 07:00:00 AM,16.9,91.0,17.1,15.4,point
2025-07-19 07:30:00 AM,17.3,90.7,17.5,15.7,point
2025-07-19 08:00:00 AM,17.7,90.1,18.0,16.1,point
2025-07-19 08:30:00 AM,18.7,93.3,19.2,17.6,point
2025-07-19 09:00:00 AM,18.6,90.4,19.0,17.0,point
2025-07-19 09:30:00 AM,18.9,89.9,19.1,17.1,point
2025-07-19 10:00:00 AM,19.4,90.9,20.0,17.9,point
2025-07-19 10:30:00 AM,19.5,90.7,20.1,18.0,point
2025-07-19 11:00:00 AM,20.1,92.7,20.8,18.9,point
2025-07-19 11:30:00 AM,20.4,92.5,21.1,19.1,point
2025-07-19 12:00:00 PM,20.7,92.3,21.4,19.4,point
2025-07-19 12:30:00 PM,20.9,91.5,21.7,19.5,point
2025-07-19 01:00:00 PM,20.8,90.7,21.5,19.2,point
2025-07-19 01:30:00 PM,20.7,90.8,21.5,19.2,point
2025-07-19 02:00:00 PM,20.0,87.5,20.5,17.9,point
2025-07-19 02:30:00 PM,19.9,90.3,20.6,18.3,point
2025-07-19 03:00:00 PM,19.4,87.0,19.8,17.2,point
2025-07-19 03:30:00 PM,19.0,86.1,19.2,16.7,point
2025-07-19 04:00:00 PM,18.7,86.6,18.9,16.4,point
2025-07-19 04:30:00 PM,18.3,86.8,18.3,16.1,point
2025-07-19 05:00:00 PM,18.1,87.7,18.1,16.0,point
2025-07-19 05:30:00 PM,17.9,88.1,17.9,15.9,point
2025-07-19 06:00:00 PM,17.1,87.4,17.2,15.0,point
2025-07-19 06:30:00 PM,16.5,88.5,16.7,14.6,point
2025-07-19 07:00:00 PM,15.7,89.5,15.8,13.9,point
2025-07-19 07:30:00 PM,15.2,90.2,15.5,13.7,point
2025-07-19 08:00:00 PM,14.9,90.1,15.1,13.2,point
2025-07-19 08:30:00 PM,14.5,91.0,14.7,13.0,point
2025-07-19 09:00:00 PM,14.4,91.1,14.6,12.9,point
2025-07-19 09:30:00 PM,14.2,91.9,14.5,12.9,point
2025-07-19 10:00:00 PM,14.3,92.5,14.6,13.1,point
2025-07-19 10:30:00 PM,14.3,92.2,14.6,13.1,point
2025-07-19 11:00:00 PM,14.4,93.2,14.6,13.3,point
2025-07-19 11:30:00 PM,15.0,95.7,15.4,14.3,point
2025-07-20 12:00:00 AM,16.0,91.5,16.3,14.7,point
2025-07-20 12:30:00 AM,16.4,91.5,16.7,15.0,point
2025-07-20 01:00:00 AM,16.4,92.4,16.7,15.1,point
2025-07-20 01:30:00 AM,16.3,89.9,16.4,14.6,point
2025-07-20 02:00:00 AM,16.3,90.7,16.6,14.8,point
2025-07-20 02:30:00 AM,16.4,90.6,16.7,14.9,point
2025-07-20 03:00:00 AM,16.3,90.6,16.6,14.8,point
2025-07-20 03:30:00 AM,16.4,90.4,16.7,14.9,point
2025-07-20 04:00:00 AM,16.3,90.2,16.5,14.7,point
2025-07-20 04:30:00 AM,16.3,89.7,16.5,14.6,point
2025-07-20 05:00:00 AM,16.4,90.1,16.7,14.8,point
2025-07-20 05:30:00 AM,16.4,90.7,16.6,14.8,point
2025-07-20 06:00:00 AM,16.4,90.5,16.6,14.8,point
2025-07-20 06:30:00 AM,16.5,90.9,16.7,15.0,point
2025-07-20 07:00:00 AM,16.7,91.0,17.0,15.2,point
2025-07-20 07:30:00 AM,17.2,92.5,17.6,16.0,point
2025-07-20 08:00:00 AM,17.6,92.7,18.0,16.5,point
2025-07-20 08:30:00 AM,18.1,91.8,18.3,16.7,point
2025-07-20 09:00:00 AM,18.3,90.7,18.5,16.7,point
2025-07-20 09:30:00 AM,18.7,91.9,19.1,17.3,point
2025-07-20 10:00:00 AM,19.0,91.4,19.4,17.5,point
2025-07-20 10:30:00 AM,19.4,92.6,19.9,18.2,point
2025-07-20 11:00:00 AM,19.7,92.1,20.3,18.4,point
2025-07-20 11:30:00 AM,20.0,92.2,20.6,18.7,point
2025-07-20 12:00:00 PM,20.3,92.2,21.1,19.0,point
2025-07-20 12:30:00 PM,20.8,91.9,21.6,19.4,point
2025-07-20 01:00:00 PM,20.6,89.1,21.2,18.7,point
2025-07-20 01:30:00 PM,20.5,88.9,21.2,18.6,point
2025-07-20 02:00:00 PM,20.0,88.2,20.4,18.0,point
2025-07-20 02:30:00 PM,19.8,88.2,20.3,17.8,point
2025-07-20 03:00:00 PM,19.4,86.9,19.8,17.2,point
2025-07-20 03:30:00 PM,18.9,84.3,18.9,16.1,point
2025-07-20 04:00:00 PM,18.5,84.6,18.6,15.9,point
2025-07-20 04:30:00 PM,18.2,84.9,18.1,15.6,point
2025-07-20 05:00:00 PM,17.8,85.9,17.7,15.4,point
2025-07-20 05:30:00 PM,17.6,86.0,17.5,15.2,point
2025-07-20 06:00:00 PM,16.9,82.5,16.7,13.9,point
2025-07-20 06:30:00 PM,16.2,86.0,16.2,13.8,point
2025-07-20 07:00:00 PM,15.5,90.1,15.8,13.9,point
2025-07-20 07:30:00 PM,15.3,90.5,15.5,13.7,point
2025-07-20 08:00:00 PM,14.7,91.0,15.0,13.3,point
2025-07-20 08:30:00 PM,14.3,89.6,14.5,12.6,point
2025-07-20 09:00:00 PM,14.3,90.4,14.5,12.7,point
2025-07-20 09:30:00 PM,14.3,92.6,14.5,13.1,point
2025-07-20 10:00:00 PM,14.3,92.8,14.6,13.2,point
2025-07-20 10:30:00 PM,14.2,92.8,14.4,13.1,point
2025-07-20 11:00:00 PM,14.2,92.8,14.5,13.1,point
2025-07-20 11:30:00 PM,14.8,94.6,15.1,13.9,point
2025-07-21 12:00:00 AM,16.2,92.6,16.5,15.0,point
2025-07-21 12:30:00 AM,16.1,91.0,16.4,14.7,point
2025-07-21 01:00:00 AM,16.3,90.9,16.6,14.8,point
2025-07-21 01:30:00 AM,16.3,90.3,16.6,14.7,point
2025-07-21 02:00:00 AM,16.4,90.5,16.7,14.8,point
2025-07-21 02:30:00 AM,16.4,91.1,16.7,15.0,point
2025-07-21 03:00:00 AM,16.3,90.8,16.6,14.8,point
2025-07-21 03:30:00 AM,16.3,90.3,16.5,14.7,point
2025-07-21 04:00:00 AM,16.3,90.4,16.5,14.7,point
2025-07-21 04:30:00 AM,16.4,91.1,16.7,15.0,point
2025-07-21 05:00:00 AM,16.3,89.5,16.5,14.6,point
2025-07-21 05:30:00 AM,16.3,90.3,16.6,14.7,point
2025-07-21 06:00:00 AM,16.4,90.7,16.7,14.9,point
2025-07-21 06:30:00 AM,16.2,88.7,16.4,14.4,point
2025-07-21 07:00:00 AM,16.8,91.7,17.0,15.4,point
2025-07-21 07:30:00 AM,17.2,92.4,17.6,16.0,point
2025-07-21 08:00:00 AM,17.5,90.8,17.8,16.0,point
2025-07-21 08:30:00 AM,17.9,89.7,18.0,16.2,point
2025-07-21 09:00:00 AM,18.2,89.4,18.3,16.4,point
2025-07-21 09:30:00 AM,18.6,90.8,19.0,17.1,point
2025-07-21 10:00:00 AM,21.4,95.8,22.4,20.7,point
2025-07-21 10:30:00 AM,22.5,88.9,23.7,20.6,point
2025-07-21 11:00:00 AM,23.1,81.7,24.0,19.8,point
2025-07-21 11:30:00 AM,22.9,81.6,23.7,19.6,point
2025-07-21 12:00:00 PM,22.8,83.9,23.9,20.0,point
2025-07-21 12:30:00 PM,22.8,84.1,23.9,20.0,point
2025-07-21 01:00:00 PM,22.9,84.0,23.9,20.0,point
2025-07-21 01:30:00 PM,22.9,84.0,24.0,20.1,point
2025-07-21 02:00:00 PM,22.9,84.0,23.9,20.0,point
2025-07-21 02:30:00 PM,22.9,84.2,24.0,20.1,point
2025-07-21 03:00:00 PM,22.9,84.3,24.0,20.1,point
2025-07-21 03:30:00 PM,22.9,84.5,24.0,20.2,point
2025-07-21 04:00:00 PM,23.6,83.7,24.9,20.7,point
2025-07-21 04:30:00 PM,23.6,82.7,24.8,20.5,point
2025-07-21 05:00:00 PM,23.5,84.2,24.8,20.7,point
2025-07-21 05:30:00 PM,23.6,85.3,24.9,21.0,point
2025-07-21 06:00:00 PM,23.7,85.8,25.1,21.2,point
2025-07-21 06:30:00 PM,23.3,82.2,24.3,20.1,point
2025-07-21 07:00:00 PM,23.3,82.2,24.4,20.1,point
2025-07-21 07:30:00 PM,23.0,81.9,23.9,19.7,point
2025-07-21 08:00:00 PM,16.6,73.8,16.1,11.9,point
2025-07-21 08:30:00 PM,10.7,67.1,10.0,4.8,point
2025-07-21 09:00:00 PM,8.2,78.5,8.0,4.7,point
2025-07-21 09:30:00 PM,8.0,85.4,8.0,5.7,point
2025-07-21 10:00:00 PM,7.6,85.8,7.5,5.3,point
2025-07-21 10:30:00 PM,7.5,87.3,7.5,5.5,point
2025-07-21 11:00:00 PM,7.7,87.2,7.7,5.7,point
2025-07-21 11:30:00 PM,7.7,87.8,7.6,5.8,point
2025-07-22 12:00:00 AM,7.6,88.7,7.7,5.9,point
2025-07-22 12:30:00 AM,7.7,88.8,7.7,5.9,point
2025-07-22 01:00:00 AM,7.5,88.0,7.5,5.7,point
2025-07-22 01:30:00 AM,7.6,89.4,7.7,6.0,point
2025-07-22 02:00:00 AM,7.9,90.4,7.9,6.4,point
2025-07-22 02:30:00 AM,7.6,88.5,7.6,5.8,point
2025-07-22 03:00:00 AM,7.8,89.4,7.8,6.1,point
2025-07-22 03:30:00 AM,7.7,90.5,7.7,6.2,point
2025-07-22 04:00:00 AM,7.9,89.9,8.0,6.3,point
2025-07-22 04:30:00 AM,7.9,90.8,8.0,6.5,point
2025-07-22 05:00:00 AM,8.1,90.5,8.1,6.6,point
2025-07-22 05:30:00 AM,7.8,90.2,7.8,6.3,point
2025-07-22 06:00:00 AM,7.6,88.8,7.7,5.9,point
2025-07-22 06:30:00 AM,8.6,95.0,8.8,7.9,point
2025-07-22 07:00:00 AM,14.1,100.0,14.6,14.1,point
2025-07-22 07:30:00 AM,21.9,100.0,23.1,21.9,point
2025-07-22 08:00:00 AM,23.7,96.7,25.8,23.1,point
2025-07-22 08:30:00 AM,23.9,89.6,25.4,22.0,point
2025-07-22 09:00:00 AM,23.9,89.2,25.4,22.0,point
2025-07-22 09:30:00 AM,23.8,90.3,25.5,22.1,point
2025-07-22 10:00:00 AM,23.8,90.2,25.5,22.1,point
2025-07-22 10:30:00 AM,23.8,90.5,25.5,22.2,point
2025-07-22 11:00:00 AM,23.9,91.5,25.6,22.4,point
2025-07-22 11:30:00 AM,23.4,87.6,24.8,21.2,point
2025-07-22 12:00:00 PM,23.5,87.2,24.8,21.2,point
2025-07-22 12:30:00 PM,23.8,88.7,25.4,21.9,point
2025-07-22 01:00:00 PM,23.2,87.1,24.5,21.0,point
2025-07-22 01:30:00 PM,23.3,86.8,24.7,21.0,point
2025-07-22 02:00:00 PM,23.6,85.8,24.8,21.0,point
2025-07-22 02:30:00 PM,24.4,94.0,26.6,23.4,point
2025-07-22 03:00:00 PM,23.6,88.5,25.0,21.6,point
2025-07-22 03:30:00 PM,23.6,89.2,25.2,21.8,point
2025-07-22 04:00:00 PM,23.7,90.2,25.3,22.0,point
2025-07-22 04:30:00 PM,23.5,89.0,25.0,21.6,point
2025-07-22 05:00:00 PM,23.7,90.2,25.4,22.0,point
2025-07-22 05:30:00 PM,23.4,87.9,24.7,21.3,point
2025-07-22 06:00:00 PM,23.5,89.4,24.9,21.6,point
2025-07-22 06:30:00 PM,23.6,90.0,25.2,21.9,point
2025-07-22 07:00:00 PM,23.6,89.7,25.2,21.8,point
2025-07-22 07:30:00 PM,22.9,84.8,23.9,20.2,point
2025-07-22 08:00:00 PM,16.4,74.5,15.9,11.9,point
2025-07-22 08:30:00 PM,10.6,70.7,10.1,5.5,point
2025-07-22 09:00:00 PM,8.4,80.8,8.2,5.3,point
2025-07-22 09:30:00 PM,7.7,84.6,7.7,5.3,point
2025-07-22 10:00:00 PM,7.7,85.6,7.6,5.4,point
2025-07-22 10:30:00 PM,7.7,88.0,7.7,5.8,point
2025-07-22 11:00:00 PM,7.6,87.5,7.5,5.6,point
2025-07-22 11:30:00 PM,7.8,88.3,7.8,5.9,point
2025-07-23 12:00:00 AM,7.4,88.4,7.5,5.6,point
2025-07-23 12:30:00 AM,7.4,89.0,7.5,5.7,point
2025-07-23 01:00:00 AM,7.3,87.7,7.2,5.4,point
2025-07-23 01:30:00 AM,7.7,89.3,7.7,6.0,point
2025-07-23 02:00:00 AM,7.3,88.9,7.4,5.6,point
2025-07-23 02:30:00 AM,7.4,89.3,7.4,5.7,point
2025-07-23 03:00:00 AM,7.2,88.8,7.2,5.5,point
2025-07-23 03:30:00 AM,7.0,88.5,7.0,5.2,point
2025-07-23 04:00:00 AM,7.5,89.9,7.5,5.9,point
2025-07-23 04:30:00 AM,7.5,90.6,7.6,6.1,point
2025-07-23 05:00:00 AM,7.6,90.0,7.6,6.0,point
2025-07-23 05:30:00 AM,7.6,90.0,7.6,6.0,point
2025-07-23 06:00:00 AM,7.6,90.2,7.6,6.1,point
2025-07-23 06:30:00 AM,8.6,94.1,8.7,7.7,point
2025-07-23 07:00:00 AM,13.8,100.0,14.4,13.8,point
2025-07-23 07:30:00 AM,22.0,100.0,23.3,22.0,point
2025-07-23 08:00:00 AM,23.6,97.3,25.6,23.2,point
2025-07-23 08:30:00 AM,23.9,90.8,25.7,22.3,point
2025-07-23 09:00:00 AM,23.8,88.9,25.4,21.9,point
2025-07-23 09:30:00 AM,23.5,89.6,25.0,21.7,point
2025-07-23 10:00:00 AM,23.5,89.4,24.9,21.6,point
2025-07-23 10:30:00 AM,23.4,90.5,25.0,21.8,point
2025-07-23 11:00:00 AM,23.5,90.9,25.1,22.0,point
2025-07-23 11:30:00 AM,24.2,89.0,25.8,22.3,point
2025-07-23 12:00:00 PM,24.2,86.0,25.7,21.7,point
2025-07-23 12:30:00 PM,23.5,87.4,24.8,21.3,point
2025-07-23 01:00:00 PM,23.6,86.9,25.0,21.3,point
2025-07-23 01:30:00 PM,23.8,85.7,25.2,21.3,point
2025-07-23 02:00:00 PM,24.8,82.8,26.2,21.7,point
2025-07-23 02:30:00 PM,24.2,81.7,25.4,20.9,point
2025-07-23 03:00:00 PM,24.1,82.8,25.4,21.0,point
2025-07-23 03:30:00 PM,24.1,82.4,25.3,20.9,point
2025-07-23 04:00:00 PM,24.0,81.2,25.1,20.6,point
2025-07-23 04:30:00 PM,24.1,81.0,25.3,20.7,point
2025-07-23 05:00:00 PM,24.0,79.3,25.0,20.2,point
2025-07-23 05:30:00 PM,24.2,79.6,25.4,20.4,point
2025-07-23 06:00:00 PM,24.1,78.3,25.0,20.0,point
2025-07-23 06:30:00 PM,23.9,77.2,24.7,19.6,point
2025-07-23 07:00:00 PM,23.8,77.1,24.6,19.5,point
2025-07-23 07:30:00 PM,23.4,76.5,24.2,19.0,point
2025-07-23 08:00:00 PM,18.8,69.0,18.0,13.0,point
2025-07-23 08:30:00 PM,13.1,65.2,12.2,6.7,point
2025-07-23 09:00:00 PM,10.4,76.8,10.0,6.5,point
2025-07-23 09:30:00 PM,9.4,81.1,9.2,6.3,point
2025-07-23 10:00:00 PM,8.7,83.3,8.7,6.1,point
2025-07-23 10:30:00 PM,8.4,83.8,8.4,5.8,point
2025-07-23 11:00:00 PM,8.2,84.7,8.2,5.8,point
2025-07-23 11:30:00 PM,8.2,86.3,8.2,6.1,point
2025-07-24 12:00:00 AM,8.0,85.8,8.0,5.8,point
2025-07-24 12:30:00 AM,8.1,86.3,8.0,5.9,point
2025-07-24 01:00:00 AM,8.1,86.3,8.0,5.9,point
2025-07-24 01:30:00 AM,8.0,86.8,8.0,6.0,point
2025-07-24 02:00:00 AM,8.0,86.2,7.9,5.8,point
2025-07-24 02:30:00 AM,8.1,87.2,8.1,6.1,point
2025-07-24 03:00:00 AM,7.9,86.5,7.9,5.8,point
2025-07-24 03:30:00 AM,7.9,85.7,7.8,5.6,point
2025-07-24 04:00:00 AM,7.9,86.8,7.9,5.9,point
2025-07-24 04:30:00 AM,8.1,87.8,8.1,6.2,point
2025-07-24 05:00:00 AM,8.0,87.2,8.0,6.0,point
2025-07-24 05:30:00 AM,7.9,87.6,7.9,6.0,point
2025-07-24 06:00:00 AM,7.9,87.7,7.9,6.0,point
2025-07-24 06:30:00 AM,8.5,92.0,8.7,7.3,point
2025-07-24 07:00:00 AM,13.3,100.0,13.8,13.3,point
2025-07-24 07:30:00 AM,19.8,100.0,20.7,19.8,point
2025-07-24 08:00:00 AM,23.3,84.2,24.4,20.5,point
2025-07-24 08:30:00 AM,23.7,83.0,24.8,20.6,point
2025-07-24 09:00:00 AM,23.9,83.6,25.1,20.9,point
2025-07-24 09:30:00 AM,23.7,83.2,25.0,20.7,point
2025-07-24 10:00:00 AM,23.9,83.2,25.2,20.9,point
2025-07-24 10:30:00 AM,23.9,82.1,25.0,20.6,point
2025-07-24 11:00:00 AM,24.0,81.8,25.1,20.7,point
2025-07-24 11:30:00 AM,24.0,81.0,25.2,20.6,point
2025-07-24 12:00:00 PM,24.1,79.5,25.1,20.3,point
2025-07-24 12:30:00 PM,23.9,78.2,24.9,19.9,point
2025-07-24 01:00:00 PM,23.9,77.7,24.7,19.8,point
2025-07-24 01:30:00 PM,23.8,77.2,24.7,19.6,point
2025-07-24 02:00:00 PM,23.9,76.8,24.8,19.6,point
2025-07-24 02:30:00 PM,24.0,76.4,24.8,19.6,point
2025-07-24 03:00:00 PM,24.0,76.0,24.8,19.5,point
2025-07-24 03:30:00 PM,23.9,75.6,24.8,19.4,point
2025-07-24 04:00:00 PM,24.0,75.7,24.8,19.4,point
2025-07-24 04:30:00 PM,24.0,75.5,24.9,19.4,point
2025-07-24 05:00:00 PM,24.0,75.5,24.8,19.4,point
2025-07-24 05:30:00 PM,24.0,75.0,24.8,19.3,point
2025-07-24 06:00:00 PM,24.0,74.5,24.8,19.2,point
2025-07-24 06:30:00 PM,24.1,74.2,24.8,19.2,point
2025-07-24 07:00:00 PM,24.0,73.8,24.7,19.0,point
2025-07-24 07:30:00 PM,23.9,73.4,24.6,18.9,point
2025-07-24 08:00:00 PM,19.2,65.5,18.4,12.6,point
2025-07-24 08:30:00 PM,13.2,62.9,12.4,6.3,point
2025-07-24 09:00:00 PM,10.3,73.0,9.9,5.7,point
2025-07-24 09:30:00 PM,9.1,79.1,9.0,5.7,point
2025-07-24 10:00:00 PM,8.4,80.7,8.2,5.3,point
2025-07-24 10:30:00 PM,8.0,82.5,7.9,5.2,point
2025-07-24 11:00:00 PM,8.0,83.6,7.9,5.4,point
2025-07-24 11:30:00 PM,7.9,84.5,7.8,5.4,point
2025-07-25 12:00:00 AM,7.8,85.5,7.7,5.5,point
2025-07-25 12:30:00 AM,7.7,85.3,7.7,5.4,point
2025-07-25 01:00:00 AM,7.6,85.2,7.6,5.3,point
2025-07-25 01:30:00 AM,7.7,86.1,7.7,5.5,point
2025-07-25 02:00:00 AM,7.6,85.1,7.6,5.3,point
2025-07-25 02:30:00 AM,7.7,86.5,7.7,5.6,point
2025-07-25 03:00:00 AM,7.6,86.5,7.5,5.5,point
2025-07-25 03:30:00 AM,7.6,86.2,7.5,5.4,point
2025-07-25 04:00:00 AM,7.5,85.7,7.5,5.3,point
2025-07-25 04:30:00 AM,7.5,85.9,7.5,5.3,point
2025-07-25 05:00:00 AM,7.6,86.1,7.5,5.4,point
2025-07-25 05:30:00 AM,7.6,85.9,7.6,5.4,point
2025-07-25 06:00:00 AM,7.6,85.5,7.5,5.3,point
2025-07-25 06:30:00 AM,8.2,91.1,8.2,6.8,point
2025-07-25 07:00:00 AM,12.6,100.0,13.2,12.6,point
2025-07-25 07:30:00 AM,18.7,98.0,19.5,18.4,point
2025-07-25 08:00:00 AM,22.8,79.4,23.7,19.1,point
2025-07-25 08:30:00 AM,23.4,78.8,24.2,19.5,point
2025-07-25 09:00:00 AM,23.5,78.8,24.4,19.6,point
2025-07-25 09:30:00 AM,23.5,78.0,24.3,19.4,point
2025-07-25 10:00:00 AM,23.7,78.0,24.5,19.6,point
2025-07-25 10:30:00 AM,23.7,77.4,24.6,19.5,point
2025-07-25 11:00:00 AM,23.8,76.7,24.6,19.4,point
2025-07-25 11:30:00 AM,23.8,76.0,24.6,19.3,point
2025-07-25 12:00:00 PM,23.7,75.7,24.5,19.2,point
2025-07-25 12:30:00 PM,23.8,75.1,24.6,19.1,point
2025-07-25 01:00:00 PM,23.8,74.9,24.4,19.0,point
2025-07-25 01:30:00 PM,23.9,74.8,24.5,19.1,point
2025-07-25 02:00:00 PM,23.9,74.5,24.5,19.1,point
2025-07-25 02:30:00 PM,23.9,74.3,24.7,19.1,point
2025-06-09 10:28:50 AM,25.2,21.8,22.8,1.9,session,"Session - Jun 9, 2025 10:28:48 AM",2025-06-09 10:28:48 AM 10:28:48 AM,00:04:59,,,,
2025-06-09 10:28:55 AM,25.2,21.2,22.7,1.4,session,"Session - Jun 9, 2025 10:28:48 AM",2025-06-09 10:28:48 AM 10:28:48 AM,00:04:59,,,,
2025-06-09 10:29:00 AM,25.1,20.6,22.7,1.0,session,"Session - Jun 9, 2025 10:28:48 AM",2025-06-09 10:28:48 AM 10:28:48 AM,00:04:59,,,,
2025-06-09 10:29:05 AM,25.1,20.3,22.6,0.8,session,"Session - Jun 9, 2025 10:28:48 AM",2025-06-09 10:28:48 AM 10:28:48 AM,00:04:59,,,,
2025-06-09 10:29:10 AM,25.1,20.0,22.5,0.6,session,"Session - Jun 9, 2025 10:28:48 AM",2025-06-09 10:28:48 AM 10:28:48 AM,00:04:59,,,,
2025-06-09 10:29:15 AM,25.1,19.9,22.6,0.5,session,"Session - Jun 9, 2025 10:28:48 AM",2025-06-09 10:28:48 AM 10:28:48 AM,00:04:59,,,,
2025-06-09 10:29:20 AM,25.1,19.8,22.6,0.4,session,"Session - Jun 9, 2025 10:28:48 AM",2025-06-09 10:28:48 AM 10:28:48 AM,00:04:59,,,,
2025-06-09 10:29:25 AM,25.1,19.6,22.5,0.3,session,"Session - Jun 9, 2025 10:28:48 AM",2025-06-09 10:28:48 AM 10:28:48 AM,00:04:59,,,,
2025-06-09 10:29:30 AM,25.1,19.6,22.5,0.3,session,"Session - Jun 9, 2025 10:28:48 AM",2025-06-09 10:28:48 AM 10:28:48 AM,00:04:59,,,,
2025-06-09 10:29:35 AM,25.1,19.8,22.5,0.4,session,"Session - Jun 9, 2025 10:28:48 AM",2025-06-09 10:28:48 AM 10:28:48 AM,00:04:59,,,,
2025-06-09 10:29:40 AM,25.1,19.6,22.5,0.3,session,"Session - Jun 9, 2025 10:28:48 AM",2025-06-09 10:28:48 AM 10:28:48 AM,00:04:59,,,,
2025-06-09 10:29:45 AM,25.0,19.6,22.5,0.2,session,"Session - Jun 9, 2025 10:28:48 AM",2025-06-09 10:28:48 AM 10:28:48 AM,00:04:59,,,,
2025-06-09 10:29:50 AM,25.0,19.6,22.5,0.2,session,"Session - Jun 9, 2025 10:28:48 AM",2025-06-09 10:28:48 AM 10:28:48 AM,00:04:59,,,,
2025-06-09 10:29:55 AM,25.1,19.6,22.5,0.3,session,"Session - Jun 9, 2025 10:28:48 AM",2025-06-09 10:28:48 AM 10:28:48 AM,00:04:59,,,,
2025-06-09 10:30:00 AM,25.1,19.5,22.5,0.2,session,"Session - Jun 9, 2025 10:28:48 AM",2025-06-09 10:28:48 AM 10:28:48 AM,00:04:59,,,,
2025-06-09 10:30:05 AM,25.0,19.2,22.5,-0.0,session,"Session - Jun 9, 2025 10:28:48 AM",2025-06-09 10:28:48 AM 10:28:48 AM,00:04:59,,,,
2025-06-09 10:30:10 AM,25.0,19.2,22.5,-0.1,session,"Session - Jun 9, 2025 10:28:48 AM",2025-06-09 10:28:48 AM 10:28:48 AM,00:04:59,,,,
2025-06-09 10:30:15 AM,25.0,19.1,22.5,-0.1,session,"Session - Jun 9, 2025 10:28:48 AM",2025-06-09 10:28:48 AM 10:28:48 AM,00:04:59,,,,
2025-06-09 10:30:20 AM,25.0,18.9,22.5,-0.2,session,"Session - Jun 9, 2025 10:28:48 AM",2025-06-09 10:28:48 AM 10:28:48 AM,00:04:59,,,,
2025-06-09 10:30:25 AM,25.1,18.9,22.5,-0.2,session,"Session - Jun 9, 2025 10:28:48 AM",2025-06-09 10:28:48 AM 10:28:48 AM,00:04:59,,,,
2025-06-09 10:30:30 AM,25.1,18.8,22.4,-0.3,session,"Session - Jun 9, 2025 10:28:48 AM",2025-06-09 10:28:48 AM 10:28:48 AM,00:04:59,,,,
2025-06-09 10:30:35 AM,24.9,18.7,22.3,-0.5,session,"Session - Jun 9, 2025 10:28:48 AM",2025-06-09 10:28:48 AM 10:28:48 AM,00:04:59,,,,
2025-06-09 10:30:40 AM,25.0,18.7,22.3,-0.4,session,"Session - Jun 9, 2025 10:28:48 AM",2025-06-09 10:28:48 AM 10:28:48 AM,00:04:59,,,,
2025-06-09 10:30:45 AM,25.0,18.8,22.4,-0.3,session,"Session - Jun 9, 2025 10:28:48 AM",2025-06-09 10:28:48 AM 10:28:48 AM,00:04:59,,,,
2025-06-09 10:30:50 AM,24.9,18.7,22.3,-0.4,session,"Session - Jun 9, 2025 10:28:48 AM",2025-06-09 10:28:48 AM 10:28:48 AM,00:04:59,,,,
2025-06-09 10:30:55 AM,25.0,18.7,22.3,-0.5,session,"Session - Jun 9, 2025 10:28:48 AM",2025-06-09 10:28:48 AM 10:28:48 AM,00:04:59,,,,
2025-06-09 10:31:00 AM,24.9,18.8,22.4,-0.4,session,"Session - Jun 9, 2025 10:28:48 AM",2025-06-09 10:28:48 AM 10:28:48 AM,00:04:59,,,,
2025-06-09 10:31:05 AM,25.0,19.0,22.5,-0.2,session,"Session - Jun 9, 2025 10:28:48 AM",2025-06-09 10:28:48 AM 10:28:48 AM,00:04:59,,,,
2025-06-09 10:31:10 AM,24.9,18.9,22.4,-0.3,session,"Session - Jun 9, 2025 10:28:48 AM",2025-06-09 10:28:48 AM 10:28:48 AM,00:04:59,,,,
2025-06-09 10:31:15 AM,24.9,19.0,22.4,-0.2,session,"Session - Jun 9, 2025 10:28:48 AM",2025-06-09 10:28:48 AM 10:28:48 AM,00:04:59,,,,
2025-06-09 10:31:20 AM,24.9,19.0,22.4,-0.3,session,"Session - Jun 9, 2025 10:28:48 AM",2025-06-09 10:28:48 AM 10:28:48 AM,00:04:59,,,,
2025-06-09 10:31:25 AM,24.9,19.0,22.4,-0.3,session,"Session - Jun 9, 2025 10:28:48 AM",2025-06-09 10:28:48 AM 10:28:48 AM,00:04:59,,,,
2025-06-09 10:31:30 AM,24.9,18.9,22.4,-0.3,session,"Session - Jun 9, 2025 10:28:48 AM",2025-06-09 10:28:48 AM 10:28:48 AM,00:04:59,,,,
2025-06-09 10:31:35 AM,24.9,18.9,22.4,-0.4,session,"Session - Jun 9, 2025 10:28:48 AM",2025-06-09 10:28:48 AM 10:28:48 AM,00:04:59,,,,
2025-06-09 10:31:40 AM,24.9,19.0,22.4,-0.2,session,"Session - Jun 9, 2025 10:28:48 AM",2025-06-09 10:28:48 AM 10:28:48 AM,00:04:59,,,,
2025-06-09 10:31:45 AM,24.9,19.0,22.3,-0.3,session,"Session - Jun 9, 2025 10:28:48 AM",2025-06-09 10:28:48 AM 10:28:48 AM,00:04:59,,,,
2025-06-09 10:31:50 AM,24.8,18.9,22.3,-0.4,session,"Session - Jun 9, 2025 10:28:48 AM",2025-06-09 10:28:48 AM 10:28:48 AM,00:04:59,,,,
2025-06-09 10:31:55 AM,24.9,18.9,22.3,-0.3,session,"Session - Jun 9, 2025 10:28:48 AM",2025-06-09 10:28:48 AM 10:28:48 AM,00:04:59,,,,
2025-06-09 10:32:00 AM,24.8,19.0,22.3,-0.3,session,"Session - Jun 9, 2025 10:28:48 AM",2025-06-09 10:28:48 AM 10:28:48 AM,00:04:59,,,,
2025-06-09 10:32:05 AM,24.8,19.1,22.3,-0.3,session,"Session - Jun 9, 2025 10:28:48 AM",2025-06-09 10:28:48 AM 10:28:48 AM,00:04:59,,,,
2025-06-09 10:32:10 AM,24.9,19.1,22.3,-0.3,session,"Session - Jun 9, 2025 10:28:48 AM",2025-06-09 10:28:48 AM 10:28:48 AM,00:04:59,,,,
2025-06-09 10:32:15 AM,24.8,19.0,22.3,-0.4,session,"Session - Jun 9, 2025 10:28:48 AM",2025-06-09 10:28:48 AM 10:28:48 AM,00:04:59,,,,
2025-06-09 10:32:20 AM,24.8,19.0,22.3,-0.4,session,"Session - Jun 9, 2025 10:28:48 AM",2025-06-09 10:28:48 AM 10:28:48 AM,00:04:59,,,,
2025-06-09 10:32:25 AM,24.9,19.0,22.3,-0.3,session,"Session - Jun 9, 2025 10:28:48 AM",2025-06-09 10:28:48 AM 10:28:48 AM,00:04:59,,,,
2025-06-09 10:32:30 AM,24.8,19.0,22.3,-0.3,session,"Session - Jun 9, 2025 10:28:48 AM",2025-06-09 10:28:48 AM 10:28:48 AM,00:04:59,,,,
2025-06-09 10:32:35 AM,24.8,18.9,22.3,-0.5,session,"Session - Jun 9, 2025 10:28:48 AM",2025-06-09 10:28:48 AM 10:28:48 AM,00:04:59,,,,
2025-06-09 10:32:40 AM,24.8,18.8,22.2,-0.6,session,"Session - Jun 9, 2025 10:28:48 AM",2025-06-09 10:28:48 AM 10:28:48 AM,00:04:59,,,,
2025-06-09 10:32:45 AM,24.8,18.9,22.3,-0.4,session,"Session - Jun 9, 2025 10:28:48 AM",2025-06-09 10:28:48 AM 10:28:48 AM,00:04:59,,,,
2025-06-09 10:32:50 AM,24.8,18.9,22.3,-0.4,session,"Session - Jun 9, 2025 10:28:48 AM",2025-06-09 10:28:48 AM 10:28:48 AM,00:04:59,,,,
2025-06-09 10:32:55 AM,24.8,18.8,22.2,-0.5,session,"Session - Jun 9, 2025 10:28:48 AM",2025-06-09 10:28:48 AM 10:28:48 AM,00:04:59,,,,
2025-06-09 10:33:00 AM,24.8,18.8,22.3,-0.6,session,"Session - Jun 9, 2025 10:28:48 AM",2025-06-09 10:28:48 AM 10:28:48 AM,00:04:59,,,,
2025-06-09 10:33:05 AM,24.7,18.9,22.3,-0.5,session,"Session - Jun 9, 2025 10:28:48 AM",2025-06-09 10:28:48 AM 10:28:48 AM,00:04:59,,,,
2025-06-09 10:33:10 AM,24.7,18.9,22.3,-0.5,session,"Session - Jun 9, 2025 10:28:48 AM",2025-06-09 10:28:48 AM 10:28:48 AM,00:04:59,,,,
2025-06-09 10:33:15 AM,24.8,18.9,22.3,-0.5,session,"Session - Jun 9, 2025 10:28:48 AM",2025-06-09 10:28:48 AM 10:28:48 AM,00:04:59,,,,
2025-06-09 10:33:20 AM,24.7,18.9,22.3,-0.5,session,"Session - Jun 9, 2025 10:28:48 AM",2025-06-09 10:28:48 AM 10:28:48 AM,00:04:59,,,,
2025-06-09 10:33:25 AM,24.7,18.9,22.3,-0.5,session,"Session - Jun 9, 2025 10:28:48 AM",2025-06-09 10:28:48 AM 10:28:48 AM,00:04:59,,,,
2025-06-09 10:33:30 AM,24.7,18.8,22.2,-0.6,session,"Session - Jun 9, 2025 10:28:48 AM",2025-06-09 10:28:48 AM 10:28:48 AM,00:04:59,,,,
2025-06-09 10:33:35 AM,24.8,18.8,22.2,-0.6,session,"Session - Jun 9, 2025 10:28:48 AM",2025-06-09 10:28:48 AM 10:28:48 AM,00:04:59,,,,
2025-06-09 10:33:40 AM,24.8,18.9,22.3,-0.5,session,"Session - Jun 9, 2025 10:28:48 AM",2025-06-09 10:28:48 AM 10:28:48 AM,00:04:59,,,,
2025-06-09 10:33:45 AM,24.8,18.9,22.3,-0.4,session,"Session - Jun 9, 2025 10:28:48 AM",2025-06-09 10:28:48 AM 10:28:48 AM,00:04:59,,,,