Device Name,4L
Device Model,Kestrel DROP 2
Serial Number,3076480
FORMATTED DATE_TIME,Temperature,Relative Humidity,Heat Index,Dew Point,Data Type,Record name,Start time,Duration (H:M:S),Location description,Location address,Location coordinates,Notes
yyyy-MM-dd hh:mm:ss a,°C,%,°C,°C
2000-01-01 12:10:00 AM,23.8,34.1,22.2,7.0,point
2000-01-01 12:20:00 AM,23.5,33.5,22.0,6.6,point
2000-01-01 12:30:00 AM,24.3,32.3,22.5,6.7,point
2000-01-01 12:40:00 AM,23.4,33.6,21.9,6.5,point
2000-01-01 12:50:00 AM,23.1,33.8,21.7,6.3,point
2000-01-01 01:00:00 AM,23.1,34.9,21.7,6.7,point
2000-01-01 01:10:00 AM,23.0,34.3,21.7,6.5,point
2000-01-01 01:20:00 AM,23.1,34.8,21.7,6.7,point
2000-01-01 01:30:00 AM,22.9,34.6,21.6,6.5,point
2000-01-01 01:40:00 AM,22.7,34.7,21.3,6.3,point
2000-01-01 01:50:00 AM,22.5,34.8,21.3,6.2,point
2000-01-01 02:00:00 AM,22.4,36.4,21.1,6.8,point
2000-01-01 02:10:00 AM,22.5,35.6,21.3,6.5,point
2000-01-01 02:20:00 AM,22.6,36.5,21.4,7.0,point
2000-01-01 02:30:00 AM,22.7,36.7,21.5,7.1,point
2000-01-01 02:40:00 AM,22.7,37.2,21.6,7.4,point
2000-01-01 02:50:00 AM,22.8,36.4,21.5,7.1,point
2000-01-01 03:00:00 AM,22.8,34.3,21.4,6.2,point
2000-01-01 03:10:00 AM,22.8,34.1,21.4,6.2,point
2000-01-01 03:20:00 AM,22.8,32.8,21.3,5.5,point
2025-07-01 03:30:00 PM,23.9,43.8,23.0,10.9,point
2025-07-01 04:00:00 PM,23.8,42.7,22.7,10.3,point
2025-07-01 04:30:00 PM,23.5,42.2,22.4,9.9,point
2025-07-01 05:00:00 PM,23.1,42.7,22.2,9.7,point
2025-07-01 05:30:00 PM,22.6,43.2,21.8,9.5,point
2025-07-01 06:00:00 PM,22.2,43.9,21.5,9.4,point
2025-07-01 06:30:00 PM,21.8,44.6,21.1,9.2,point
2025-07-01 07:00:00 PM,21.4,45.6,20.8,9.2,point
2025-07-01 07:30:00 PM,20.9,47.3,20.1,9.3,point
2025-07-01 08:00:00 PM,19.3,51.9,18.0,9.2,point
2025-07-01 08:30:00 PM,18.6,54.2,17.1,9.2,point
2025-07-01 09:00:00 PM,18.3,55.7,16.7,9.3,point
2025-07-01 09:30:00 PM,17.9,58.1,16.4,9.5,point
2025-07-01 10:00:00 PM,17.6,59.6,16.2,9.7,point
2025-07-01 10:30:00 PM,17.6,59.7,16.2,9.7,point
2025-07-01 11:00:00 PM,17.6,59.4,16.2,9.6,point
2025-07-01 11:30:00 PM,17.5,59.7,16.2,9.6,point
2025-07-02 12:00:00 AM,17.5,59.8,16.2,9.6,point
2025-07-02 12:30:00 AM,17.6,61.3,16.3,10.1,point
2025-07-02 01:00:00 AM,18.7,60.3,17.6,10.8,point
2025-07-02 01:30:00 AM,20.0,58.6,19.2,11.6,point
2025-07-02 02:00:00 AM,20.9,57.0,20.5,12.1,point
2025-07-02 02:30:00 AM,21.6,55.5,21.4,12.3,point
2025-07-02 03:00:00 AM,22.1,54.1,21.7,12.3,point
2025-07-02 03:30:00 AM,22.4,52.9,22.1,12.4,point
2025-07-02 04:00:00 AM,22.7,51.9,22.3,12.3,point
2025-07-02 04:30:00 AM,22.9,51.1,22.4,12.3,point
2025-07-02 05:00:00 AM,23.1,50.5,22.5,12.2,point
2025-07-02 05:30:00 AM,23.2,50.1,22.6,12.2,point
2025-07-02 06:00:00 AM,23.3,49.8,22.6,12.2,point
2025-07-02 06:30:00 AM,23.3,49.7,22.6,12.2,point
2025-07-02 07:00:00 AM,23.3,49.7,22.7,12.2,point
2025-07-02 07:30:00 AM,23.4,49.6,22.7,12.2,point
2025-07-02 08:00:00 AM,23.4,49.7,22.7,12.3,point
2025-07-02 08:30:00 AM,23.4,50.0,22.8,12.4,point
2025-07-02 09:00:00 AM,23.5,50.5,22.9,12.6,point
2025-07-02 09:30:00 AM,23.3,48.8,22.7,11.9,point
2025-07-02 10:00:00 AM,22.6,51.1,22.1,12.0,point
2025-07-02 10:30:00 AM,23.0,50.2,22.4,12.1,point
2025-07-02 11:00:00 AM,23.3,48.7,22.7,11.9,point
2025-07-02 11:30:00 AM,23.6,48.0,22.9,12.0,point
2025-07-02 12:00:00 PM,24.0,47.2,23.2,12.1,point
2025-07-02 12:30:00 PM,24.3,47.3,23.4,12.3,point
2025-07-02 01:00:00 PM,24.7,46.5,23.8,12.5,point
2025-07-02 01:30:00 PM,25.1,45.8,24.2,12.6,point
2025-07-02 02:00:00 PM,25.2,45.3,24.2,12.5,point
2025-07-02 02:30:00 PM,24.9,48.3,24.1,13.2,point
2025-07-02 03:00:00 PM,24.5,50.7,23.8,13.6,point
2025-07-02 03:30:00 PM,24.3,53.5,23.9,14.3,point
2025-07-02 04:00:00 PM,24.0,53.6,23.5,14.0,point
2025-07-02 04:30:00 PM,23.6,56.5,23.3,14.5,point
2025-07-02 05:00:00 PM,23.2,57.9,23.0,14.5,point
2025-07-02 05:30:00 PM,22.8,59.1,22.7,14.4,point
2025-07-02 06:00:00 PM,22.4,59.9,22.3,14.2,point
2025-07-02 06:30:00 PM,22.0,60.5,22.0,14.1,point
2025-07-02 07:00:00 PM,21.4,62.0,21.4,13.8,point
2025-07-02 07:30:00 PM,21.1,62.7,20.9,13.7,point
2025-07-02 08:00:00 PM,19.4,67.3,18.9,13.2,point
2025-07-02 08:30:00 PM,18.8,69.6,18.1,13.1,point
2025-07-02 09:00:00 PM,18.4,71.5,17.7,13.1,point
2025-07-02 09:30:00 PM,17.9,73.2,17.4,13.1,point
2025-07-02 10:00:00 PM,17.8,74.8,17.2,13.2,point
2025-07-02 10:30:00 PM,17.6,75.2,17.2,13.2,point
2025-07-02 11:00:00 PM,17.7,75.2,17.3,13.3,point
2025-07-02 11:30:00 PM,17.7,76.0,17.3,13.4,point
2025-07-03 12:00:00 AM,17.7,76.6,17.2,13.5,point
2025-07-03 12:30:00 AM,17.7,77.1,17.3,13.6,point
2025-07-03 01:00:00 AM,18.8,76.0,18.5,14.5,point
2025-07-03 01:30:00 AM,20.1,73.5,20.1,15.2,point
2025-07-03 02:00:00 AM,21.0,71.5,21.2,15.7,point
2025-07-03 02:30:00 AM,21.6,69.7,22.0,15.9,point
2025-07-03 03:00:00 AM,22.1,68.2,22.4,16.0,point
2025-07-03 03:30:00 AM,22.4,66.7,22.7,15.9,point
2025-07-03 04:00:00 AM,22.7,65.3,22.8,15.8,point
2025-07-03 04:30:00 AM,22.8,64.0,23.0,15.7,point
2025-07-03 05:00:00 AM,23.0,63.1,23.1,15.6,point
2025-07-03 05:30:00 AM,23.1,62.3,23.1,15.4,point
2025-07-03 06:00:00 AM,23.1,61.5,23.2,15.3,point
2025-07-03 06:30:00 AM,23.2,61.0,23.1,15.2,point
2025-07-03 07:00:00 AM,23.2,60.6,23.1,15.2,point
2025-07-03 07:30:00 AM,23.2,60.2,23.1,15.0,point
2025-07-03 08:00:00 AM,23.2,59.9,23.1,15.0,point
2025-07-03 08:30:00 AM,23.2,60.2,23.2,15.1,point
2025-07-03 09:00:00 AM,23.2,60.5,23.2,15.2,point
2025-07-03 09:30:00 AM,23.3,61.1,23.2,15.4,point
2025-07-03 10:00:00 AM,23.3,61.7,23.4,15.6,point
2025-07-03 10:30:00 AM,23.4,62.3,23.4,15.8,point
2025-07-03 11:00:00 AM,23.5,63.0,23.5,16.0,point
2025-07-03 11:30:00 AM,23.5,63.7,23.7,16.2,point
2025-07-03 12:00:00 PM,23.9,57.5,23.7,15.0,point
2025-07-03 12:30:00 PM,24.0,57.3,23.8,15.1,point
2025-07-03 01:00:00 PM,24.6,54.0,24.2,14.7,point
2025-07-03 01:30:00 PM,25.0,53.0,24.6,14.8,point
2025-07-03 02:00:00 PM,25.1,51.4,24.6,14.4,point
2025-07-03 02:30:00 PM,24.8,53.1,24.3,14.6,point
2025-07-03 03:00:00 PM,24.5,52.9,24.0,14.3,point
2025-07-03 03:30:00 PM,24.2,53.2,23.7,14.1,point
2025-07-03 04:00:00 PM,23.9,52.0,23.4,13.5,point
2025-07-03 04:30:00 PM,23.5,53.9,23.1,13.7,point
2025-07-03 05:00:00 PM,23.3,55.6,22.9,13.9,point
2025-07-03 05:30:00 PM,22.9,57.4,22.6,14.0,point
2025-07-03 06:00:00 PM,22.3,58.7,22.2,13.8,point
2025-07-03 06:30:00 PM,21.9,59.4,21.7,13.6,point
2025-07-03 07:00:00 PM,21.5,61.1,21.4,13.7,point
2025-07-03 07:30:00 PM,20.9,62.3,20.7,13.4,point
2025-07-03 08:00:00 PM,19.4,67.7,18.8,13.2,point
2025-07-03 08:30:00 PM,18.8,70.4,18.2,13.3,point
2025-07-03 09:00:00 PM,18.3,71.8,17.6,13.1,point
2025-07-03 09:30:00 PM,17.9,74.7,17.4,13.4,point
2025-07-03 10:00:00 PM,17.7,77.6,17.4,13.7,point
2025-07-03 10:30:00 PM,17.7,78.2,17.4,13.9,point
2025-07-03 11:00:00 PM,17.6,79.0,17.4,14.0,point
2025-07-03 11:30:00 PM,17.7,80.2,17.4,14.2,point
2025-07-04 12:00:00 AM,17.7,80.7,17.5,14.3,point
2025-07-04 12:30:00 AM,17.7,80.8,17.6,14.4,point
2025-07-04 01:00:00 AM,20.4,75.2,20.5,15.8,point
2025-07-04 01:30:00 AM,20.7,71.9,20.8,15.5,point
2025-07-04 02:00:00 AM,20.7,71.6,20.8,15.4,point
2025-07-04 02:30:00 AM,20.6,70.7,20.6,15.1,point
2025-07-04 03:00:00 AM,20.7,70.4,20.8,15.1,point
2025-07-04 03:30:00 AM,20.6,70.3,20.5,15.0,point
2025-07-04 04:00:00 AM,20.7,69.9,20.6,15.0,point
2025-07-04 04:30:00 AM,20.7,70.2,20.6,15.1,point
2025-07-04 05:00:00 AM,20.7,70.2,20.8,15.1,point
2025-07-04 05:30:00 AM,20.7,70.1,20.8,15.1,point
2025-07-04 06:00:00 AM,20.6,69.7,20.6,14.9,point
2025-07-04 06:30:00 AM,20.5,69.7,20.5,14.8,point
2025-07-04 07:00:00 AM,20.7,69.5,20.8,14.9,point
2025-07-04 07:30:00 AM,20.6,69.2,20.6,14.8,point
2025-07-04 08:00:00 AM,21.0,69.6,21.0,15.2,point
2025-07-04 08:30:00 AM,21.5,68.5,21.6,15.4,point
2025-07-04 09:00:00 AM,21.9,67.3,22.1,15.5,point
2025-07-04 09:30:00 AM,22.3,65.7,22.5,15.6,point
2025-07-04 10:00:00 AM,22.7,63.8,22.8,15.5,point
2025-07-04 10:30:00 AM,23.0,62.5,23.0,15.4,point
2025-07-04 11:00:00 AM,23.3,60.6,23.2,15.2,point
2025-07-04 11:30:00 AM,23.6,59.2,23.5,15.2,point
2025-07-04 12:00:00 PM,24.0,58.1,23.8,15.3,point
2025-07-04 12:30:00 PM,24.2,57.1,24.0,15.2,point
2025-07-04 01:00:00 PM,24.6,55.1,24.3,15.0,point
2025-07-04 01:30:00 PM,25.1,53.4,24.7,15.0,point
2025-07-04 02:00:00 PM,25.1,50.6,24.4,14.1,point
2025-07-04 02:30:00 PM,24.8,49.6,24.1,13.6,point
2025-07-04 03:00:00 PM,24.5,50.4,23.9,13.6,point
2025-07-04 03:30:00 PM,24.2,50.8,23.6,13.4,point
2025-07-04 04:00:00 PM,24.0,50.8,23.4,13.2,point
2025-07-04 04:30:00 PM,23.6,52.7,23.1,13.4,point
2025-07-04 05:00:00 PM,23.3,53.1,22.8,13.2,point
2025-07-04 05:30:00 PM,22.8,54.8,22.4,13.2,point
2025-07-04 06:00:00 PM,22.4,56.9,22.1,13.4,point
2025-07-04 06:30:00 PM,21.8,57.2,21.5,13.0,point
2025-07-04 07:00:00 PM,21.4,57.6,21.3,12.8,point
2025-07-04 07:30:00 PM,20.9,61.4,20.7,13.2,point
2025-07-04 08:00:00 PM,19.4,66.7,18.7,13.0,point
2025-07-04 08:30:00 PM,18.7,67.1,17.9,12.5,point
2025-07-04 09:00:00 PM,18.2,67.5,17.3,12.1,point
2025-07-04 09:30:00 PM,17.9,69.0,17.0,12.1,point
2025-07-04 10:00:00 PM,17.7,69.7,16.9,12.1,point
2025-07-04 10:30:00 PM,17.7,70.1,16.9,12.2,point
2025-07-04 11:00:00 PM,17.6,70.4,16.9,12.2,point
2025-07-04 11:30:00 PM,17.7,72.6,17.0,12.7,point
2025-07-05 12:00:00 AM,17.6,74.6,17.1,13.1,point
2025-07-05 12:30:00 AM,17.7,76.2,17.2,13.4,point
2025-07-05 01:00:00 AM,20.3,69.6,20.2,14.6,point
2025-07-05 01:30:00 AM,20.8,67.4,20.7,14.5,point
2025-07-05 02:00:00 AM,20.6,66.8,20.5,14.2,point
2025-07-05 02:30:00 AM,20.8,66.5,20.8,14.4,point
2025-07-05 03:00:00 AM,20.8,66.3,20.7,14.2,point
2025-07-05 03:30:00 AM,20.7,66.3,20.7,14.2,point
2025-07-05 04:00:00 AM,20.8,66.2,20.7,14.2,point
2025-07-05 04:30:00 AM,20.8,66.9,20.7,14.4,point
2025-07-05 05:00:00 AM,20.7,66.5,20.7,14.2,point
2025-07-05 05:30:00 AM,20.6,66.9,20.5,14.3,point
2025-07-05 06:00:00 AM,20.7,66.6,20.7,14.3,point
2025-07-05 06:30:00 AM,20.8,67.7,20.7,14.6,point
2025-07-05 07:00:00 AM,20.8,69.0,20.7,14.8,point
2025-07-05 07:30:00 AM,20.7,69.7,20.8,15.0,point
2025-07-05 08:00:00 AM,21.0,69.8,21.2,15.3,point
2025-07-05 08:30:00 AM,21.4,69.6,21.7,15.6,point
2025-07-05 09:00:00 AM,21.8,67.1,22.1,15.4,point
2025-07-05 09:30:00 AM,22.3,65.4,22.4,15.5,point
2025-07-05 10:00:00 AM,22.6,63.2,22.8,15.2,point
2025-07-05 10:30:00 AM,23.0,62.2,23.1,15.4,point
2025-07-05 11:00:00 AM,23.3,60.4,23.2,15.2,point
2025-07-05 11:30:00 AM,23.7,59.6,23.6,15.4,point
2025-07-05 12:00:00 PM,24.0,58.3,23.7,15.3,point
2025-07-05 12:30:00 PM,24.1,57.3,23.9,15.2,point
2025-07-05 01:00:00 PM,24.7,55.4,24.4,15.2,point
2025-07-05 01:30:00 PM,25.1,53.3,24.7,14.9,point
2025-07-05 02:00:00 PM,25.2,51.8,24.7,14.5,point
2025-07-05 02:30:00 PM,24.8,51.9,24.3,14.3,point
2025-07-05 03:00:00 PM,24.6,52.1,24.0,14.1,point
2025-07-05 03:30:00 PM,24.2,53.0,23.7,14.1,point
2025-07-05 04:00:00 PM,24.0,52.5,23.5,13.7,point
2025-07-05 04:30:00 PM,23.7,52.5,23.2,13.4,point
2025-07-05 05:00:00 PM,23.2,54.1,22.8,13.4,point
2025-07-05 05:30:00 PM,22.8,55.8,22.6,13.5,point
2025-07-05 06:00:00 PM,22.4,55.4,22.1,13.0,point
2025-07-05 06:30:00 PM,21.9,56.7,21.6,12.9,point
2025-07-05 07:00:00 PM,21.5,58.1,21.3,12.9,point
2025-07-05 07:30:00 PM,21.0,59.7,20.7,12.9,point
2025-07-05 08:00:00 PM,19.4,63.8,18.7,12.4,point
2025-07-05 08:30:00 PM,18.9,66.2,18.0,12.4,point
2025-07-05 09:00:00 PM,18.3,67.2,17.3,12.1,point
2025-07-05 09:30:00 PM,17.9,69.1,17.0,12.1,point
2025-07-05 10:00:00 PM,17.7,71.2,17.0,12.5,point
2025-07-05 10:30:00 PM,17.6,72.1,17.0,12.6,point
2025-07-05 11:00:00 PM,17.7,73.1,17.0,12.8,point
2025-07-05 11:30:00 PM,17.7,74.4,17.1,13.1,point
2025-07-06 12:00:00 AM,17.7,75.3,17.3,13.3,point
2025-07-06 12:30:00 AM,17.7,75.8,17.3,13.4,point
2025-07-06 01:00:00 AM,20.4,69.2,20.3,14.6,point
2025-07-06 01:30:00 AM,20.7,66.2,20.7,14.2,point
2025-07-06 02:00:00 AM,20.7,65.8,20.4,14.1,point
2025-07-06 02:30:00 AM,20.7,66.0,20.7,14.1,point
2025-07-06 03:00:00 AM,20.8,65.5,20.6,14.1,point
2025-07-06 03:30:00 AM,20.8,66.1,20.7,14.2,point
2025-07-06 04:00:00 AM,20.8,66.0,20.7,14.2,point
2025-07-06 04:30:00 AM,20.8,66.4,20.7,14.3,point
2025-07-06 05:00:00 AM,20.7,67.2,20.7,14.4,point
2025-07-06 05:30:00 AM,20.6,67.2,20.5,14.4,point
2025-07-06 06:00:00 AM,20.6,67.2,20.5,14.3,point
2025-07-06 06:30:00 AM,20.8,66.2,20.8,14.3,point
2025-07-06 07:00:00 AM,20.7,66.2,20.7,14.2,point
2025-07-06 07:30:00 AM,20.8,66.2,20.7,14.3,point
2025-07-06 08:00:00 AM,21.0,66.2,20.9,14.4,point
2025-07-06 08:30:00 AM,21.4,65.0,21.4,14.5,point
2025-07-06 09:00:00 AM,21.9,63.2,22.0,14.6,point
2025-07-06 09:30:00 AM,22.2,62.3,22.3,14.7,point
2025-07-06 10:00:00 AM,22.8,60.4,22.7,14.7,point
2025-07-06 10:30:00 AM,22.9,58.8,22.8,14.4,point
2025-07-06 11:00:00 AM,23.4,56.9,23.1,14.4,point
2025-07-06 11:30:00 AM,23.6,53.9,23.2,13.8,point
2025-07-06 12:00:00 PM,23.9,51.6,23.3,13.4,point
2025-07-06 12:30:00 PM,24.3,49.7,23.6,13.2,point
2025-07-06 01:00:00 PM,24.7,48.1,23.8,13.0,point
2025-07-06 01:30:00 PM,25.1,46.7,24.4,12.9,point
2025-07-06 02:00:00 PM,25.2,45.7,24.2,12.6,point
2025-07-06 02:30:00 PM,24.9,45.6,23.9,12.4,point
2025-07-06 03:00:00 PM,24.6,46.2,23.7,12.3,point
2025-07-06 03:30:00 PM,24.3,46.3,23.4,12.1,point
2025-07-06 04:00:00 PM,24.0,46.5,23.1,11.9,point
2025-07-06 04:30:00 PM,23.7,46.9,22.9,11.7,point
2025-07-06 05:00:00 PM,23.2,48.1,22.5,11.7,point
2025-07-06 05:30:00 PM,22.9,48.6,22.2,11.4,point
2025-07-06 06:00:00 PM,22.4,49.5,21.8,11.3,point
2025-07-06 06:30:00 PM,21.9,51.0,21.5,11.3,point
2025-07-06 07:00:00 PM,21.4,51.2,21.0,11.0,point
2025-07-06 07:30:00 PM,21.0,52.3,20.3,10.8,point
2025-07-06 08:00:00 PM,19.4,56.1,18.3,10.4,point
2025-07-06 08:30:00 PM,18.8,58.1,17.4,10.4,point
2025-07-06 09:00:00 PM,18.3,59.6,17.0,10.3,point
2025-07-06 09:30:00 PM,17.9,61.1,16.6,10.3,point
2025-07-06 10:00:00 PM,17.6,62.3,16.5,10.3,point
2025-07-06 10:30:00 PM,17.7,63.4,16.5,10.7,point
2025-07-06 11:00:00 PM,17.6,64.7,16.6,10.9,point
2025-07-06 11:30:00 PM,17.7,64.8,16.6,11.0,point
2025-07-07 12:00:00 AM,17.6,65.2,16.6,11.1,point
2025-07-07 12:30:00 AM,17.6,66.0,16.7,11.2,point
2025-07-07 01:00:00 AM,20.4,58.7,19.8,12.0,point
2025-07-07 01:30:00 AM,20.7,57.5,20.2,12.0,point
2025-07-07 02:00:00 AM,20.8,57.5,20.3,12.1,point
2025-07-07 02:30:00 AM,20.8,57.6,20.3,12.1,point
2025-07-07 03:00:00 AM,20.7,58.3,20.3,12.2,point
2025-07-07 03:30:00 AM,20.8,58.1,20.3,12.3,point
2025-07-07 04:00:00 AM,20.8,58.3,20.3,12.3,point
2025-07-07 04:30:00 AM,20.8,59.0,20.3,12.4,point
2025-07-07 05:00:00 AM,20.8,58.9,20.5,12.5,point
2025-07-07 05:30:00 AM,20.8,59.2,20.3,12.5,point
2025-07-07 06:00:00 AM,20.8,59.6,20.5,12.7,point
2025-07-07 06:30:00 AM,20.8,60.2,20.4,12.8,point
2025-07-07 07:00:00 AM,20.8,60.5,20.6,12.9,point
2025-07-07 07:30:00 AM,20.6,60.8,20.3,12.8,point
2025-07-07 08:00:00 AM,20.9,61.3,20.7,13.2,point
2025-07-07 08:30:00 AM,21.4,59.9,21.2,13.3,point
2025-07-07 09:00:00 AM,22.0,58.7,21.8,13.5,point
2025-07-07 09:30:00 AM,22.3,57.2,22.1,13.4,point
2025-07-07 10:00:00 AM,22.7,55.5,22.4,13.3,point
2025-07-07 10:30:00 AM,23.1,54.0,22.7,13.3,point
2025-07-07 11:00:00 AM,23.3,53.0,22.8,13.2,point
2025-07-07 11:30:00 AM,23.7,51.9,23.2,13.3,point
2025-07-07 12:00:00 PM,24.0,51.0,23.4,13.2,point
2025-07-07 12:30:00 PM,24.2,50.3,23.5,13.2,point
2025-07-07 01:00:00 PM,24.7,48.7,23.9,13.2,point
2025-07-07 01:30:00 PM,25.2,47.2,24.4,13.1,point
2025-07-07 02:00:00 PM,25.2,56.7,25.2,16.0,point
2025-07-07 02:30:00 PM,24.7,50.8,24.1,13.8,point
2025-07-07 03:00:00 PM,24.4,50.8,23.8,13.6,point
2025-07-07 03:30:00 PM,23.4,72.2,23.9,18.1,point
2025-07-07 04:00:00 PM,22.8,78.3,23.5,18.8,point
2025-07-07 04:30:00 PM,22.5,78.8,23.2,18.7,point
2025-07-07 05:00:00 PM,22.2,79.2,23.0,18.4,point
2025-07-07 05:30:00 PM,21.8,79.9,22.4,18.1,point
2025-07-07 06:00:00 PM,21.3,79.9,21.8,17.6,point
2025-07-07 06:30:00 PM,20.9,80.5,21.3,17.4,point
2025-07-07 07:00:00 PM,20.5,81.3,20.8,17.2,point
2025-07-07 07:30:00 PM,20.0,81.2,20.2,16.7,point
2025-07-07 08:00:00 PM,19.2,81.6,19.3,16.0,point
2025-07-07 08:30:00 PM,18.7,81.9,18.7,15.6,point
2025-07-07 09:00:00 PM,18.3,82.2,18.2,15.2,point
2025-07-07 09:30:00 PM,17.8,82.8,17.8,14.8,point
2025-07-07 10:00:00 PM,17.6,83.1,17.6,14.7,point
2025-07-07 10:30:00 PM,17.5,82.4,17.4,14.5,point
2025-07-07 11:00:00 PM,17.5,82.3,17.3,14.4,point
2025-07-07 11:30:00 PM,17.5,82.1,17.4,14.4,point
2025-07-08 12:00:00 AM,17.4,82.7,17.4,14.4,point
2025-07-08 12:30:00 AM,17.4,82.8,17.4,14.4,point
2025-07-08 01:00:00 AM,19.3,80.5,19.2,15.8,point
2025-07-08 01:30:00 AM,19.3,80.8,19.4,16.0,point
2025-07-08 02:00:00 AM,19.4,81.6,19.4,16.2,point
2025-07-08 02:30:00 AM,19.4,82.0,19.5,16.3,point
2025-07-08 03:00:00 AM,19.5,82.5,19.5,16.4,point
2025-07-08 03:30:00 AM,19.5,82.8,19.8,16.5,point
2025-07-08 04:00:00 AM,19.6,82.7,19.8,16.5,point
2025-07-08 04:30:00 AM,19.5,82.8,19.8,16.5,point
2025-07-08 05:00:00 AM,19.5,82.5,19.8,16.5,point
2025-07-08 05:30:00 AM,19.5,82.7,19.8,16.5,point
2025-07-08 06:00:00 AM,19.6,82.8,19.8,16.6,point
2025-07-08 06:30:00 AM,19.5,82.5,19.8,16.5,point
2025-07-08 07:00:00 AM,19.6,82.9,19.8,16.6,point
2025-07-08 07:30:00 AM,19.6,83.1,19.8,16.6,point
2025-07-08 08:00:00 AM,19.7,83.3,20.0,16.8,point
2025-07-08 08:30:00 AM,20.2,83.0,20.6,17.2,point
2025-07-08 09:00:00 AM,20.6,82.1,21.0,17.5,point
2025-07-08 09:30:00 AM,21.2,80.9,21.8,17.8,point
2025-07-08 10:00:00 AM,21.6,80.5,22.3,18.1,point
2025-07-08 10:30:00 AM,21.9,80.0,22.5,18.3,point
2025-07-08 11:00:00 AM,22.2,79.6,23.0,18.5,point
2025-07-08 11:30:00 AM,22.5,79.1,23.3,18.7,point
2025-07-08 12:00:00 PM,22.9,78.6,23.7,19.0,point
2025-07-08 12:30:00 PM,23.2,78.3,24.1,19.2,point
2025-07-08 01:00:00 PM,23.6,77.8,24.5,19.5,point
2025-07-08 01:30:00 PM,24.1,77.1,24.9,19.8,point
2025-07-08 02:00:00 PM,24.1,76.9,25.1,19.8,point
2025-07-08 02:30:00 PM,23.9,77.2,24.7,19.7,point
2025-07-08 03:00:00 PM,23.6,77.7,24.5,19.5,point
2025-07-08 03:30:00 PM,23.3,77.7,24.1,19.2,point
2025-07-08 04:00:00 PM,23.0,78.7,23.8,19.1,point
2025-07-08 04:30:00 PM,22.7,78.6,23.5,18.8,point
2025-07-08 05:00:00 PM,22.3,84.2,23.1,19.5,point
2025-07-08 05:30:00 PM,21.9,84.2,22.8,19.1,point
2025-07-08 06:00:00 PM,21.4,83.3,22.1,18.4,point
2025-07-08 06:30:00 PM,21.0,82.2,21.4,17.8,point
2025-07-08 07:00:00 PM,20.5,82.5,20.9,17.4,point
2025-07-08 07:30:00 PM,20.1,81.7,20.3,16.8,point
2025-07-08 08:00:00 PM,19.3,81.0,19.3,15.9,point
2025-07-08 08:30:00 PM,18.7,81.4,18.7,15.4,point
2025-07-08 09:00:00 PM,18.2,82.4,18.1,15.2,point
2025-07-08 09:30:00 PM,17.8,82.5,17.8,14.8,point
2025-07-08 10:00:00 PM,17.6,83.5,17.6,14.8,point
2025-07-08 10:30:00 PM,17.6,82.7,17.6,14.7,point
2025-07-08 11:00:00 PM,17.6,81.7,17.4,14.4,point
2025-07-08 11:30:00 PM,17.5,81.3,17.3,14.2,point
2025-07-09 12:00:00 AM,17.5,81.1,17.4,14.2,point
2025-07-09 12:30:00 AM,17.5,81.7,17.4,14.3,point
2025-07-09 01:00:00 AM,19.5,79.2,19.6,15.8,point
2025-07-09 01:30:00 AM,19.6,78.9,19.6,15.8,point
2025-07-09 02:00:00 AM,19.7,79.9,19.7,16.1,point
2025-07-09 02:30:00 AM,19.7,80.4,19.8,16.2,point
2025-07-09 03:00:00 AM,19.7,80.5,19.7,16.2,point
2025-07-09 03:30:00 AM,19.7,80.5,19.8,16.3,point
2025-07-09 04:00:00 AM,19.8,80.3,20.0,16.3,point
2025-07-09 04:30:00 AM,19.5,80.4,19.6,16.1,point
2025-07-09 05:00:00 AM,19.7,79.6,19.8,16.1,point
2025-07-09 05:30:00 AM,19.7,79.3,19.8,16.0,point
2025-07-09 06:00:00 AM,19.7,79.4,19.7,16.0,point
2025-07-09 06:30:00 AM,19.8,79.3,19.8,16.1,point
2025-07-09 07:00:00 AM,19.7,80.2,19.7,16.2,point
2025-07-09 07:30:00 AM,19.8,79.8,19.8,16.2,point
2025-07-09 08:00:00 AM,19.9,79.6,20.1,16.3,point
2025-07-09 08:30:00 AM,20.3,79.0,20.6,16.6,point
2025-07-09 09:00:00 AM,20.9,78.5,21.2,17.0,point
2025-07-09 09:30:00 AM,21.3,77.6,21.8,17.2,point
2025-07-09 10:00:00 AM,21.8,76.7,22.3,17.5,point
2025-07-09 10:30:00 AM,22.0,76.2,22.5,17.6,point
2025-07-09 11:00:00 AM,22.4,75.6,23.0,17.9,point
2025-07-09 11:30:00 AM,22.7,74.9,23.3,18.0,point
2025-07-09 12:00:00 PM,23.0,74.1,23.5,18.1,point
2025-07-09 12:30:00 PM,23.3,73.5,23.9,18.3,point
2025-07-09 01:00:00 PM,23.8,73.2,24.4,18.7,point
2025-07-09 01:30:00 PM,24.2,72.2,24.8,18.9,point
2025-07-09 02:00:00 PM,24.8,47.7,23.9,12.9,point
2025-07-09 02:30:00 PM,25.4,64.6,25.9,18.2,point
2025-07-09 03:00:00 PM,23.3,69.5,23.8,17.4,point
2025-07-09 03:30:00 PM,22.9,76.8,23.7,18.6,point
2025-07-09 04:00:00 PM,22.8,76.8,23.6,18.6,point
2025-07-09 04:30:00 PM,22.7,67.4,23.0,16.4,point
2025-07-09 05:00:00 PM,24.6,80.8,25.9,21.1,point
2025-07-09 05:30:00 PM,24.0,81.8,25.1,20.7,point
2025-07-09 06:00:00 PM,23.2,81.9,24.3,20.0,point
2025-07-09 06:30:00 PM,22.7,82.1,23.7,19.5,point
2025-07-09 07:00:00 PM,22.1,82.2,22.9,18.9,point
2025-07-09 07:30:00 PM,21.4,82.7,22.1,18.4,point
2025-07-09 08:00:00 PM,18.7,89.5,19.0,16.9,point
2025-07-09 08:30:00 PM,18.1,90.3,18.4,16.5,point
2025-07-09 09:00:00 PM,17.7,91.3,17.9,16.2,point
2025-07-09 09:30:00 PM,17.2,91.7,17.5,15.9,point
2025-07-09 10:00:00 PM,17.1,92.5,17.5,15.9,point
2025-07-09 10:30:00 PM,17.2,92.9,17.5,16.0,point
2025-07-09 11:00:00 PM,17.0,93.2,17.4,15.9,point
2025-07-09 11:30:00 PM,17.2,93.6,17.5,16.1,point
2025-07-10 12:00:00 AM,17.1,93.3,17.4,16.0,point
2025-07-10 12:30:00 AM,17.0,93.5,17.4,15.9,point
2025-07-10 01:00:00 AM,21.1,88.3,21.8,19.1,point
2025-07-10 01:30:00 AM,21.1,86.6,21.9,18.8,point
2025-07-10 02:00:00 AM,21.1,86.4,21.7,18.7,point
2025-07-10 02:30:00 AM,20.8,86.3,21.4,18.4,point
2025-07-10 03:00:00 AM,20.9,86.0,21.5,18.5,point
2025-07-10 03:30:00 AM,21.4,85.8,22.0,18.9,point
2025-07-10 04:00:00 AM,21.1,85.4,21.8,18.6,point
2025-07-10 04:30:00 AM,21.0,84.5,21.5,18.3,point
2025-07-10 05:00:00 AM,21.3,84.6,22.0,18.6,point
2025-07-10 05:30:00 AM,20.9,84.6,21.5,18.2,point
2025-07-10 06:00:00 AM,20.6,85.3,21.2,18.1,point
2025-07-10 06:30:00 AM,20.8,85.2,21.3,18.2,point
2025-07-10 07:00:00 AM,20.9,85.4,21.4,18.3,point
2025-07-10 07:30:00 AM,20.5,84.9,21.0,17.9,point
2025-07-10 08:00:00 AM,21.4,86.4,22.1,19.0,point
2025-07-10 08:30:00 AM,21.3,86.5,22.1,19.0,point
2025-07-10 09:00:00 AM,22.3,86.4,23.2,19.9,point
2025-07-10 09:30:00 AM,22.6,86.6,23.8,20.2,point
2025-07-10 10:00:00 AM,22.9,85.9,24.0,20.4,point
2025-07-10 10:30:00 AM,23.3,85.6,24.6,20.8,point
2025-07-10 11:00:00 AM,23.6,85.0,24.9,20.9,point
2025-07-10 11:30:00 AM,23.9,84.6,25.2,21.1,point
2025-07-10 12:00:00 PM,24.2,84.0,25.6,21.4,point
2025-07-10 12:30:00 PM,24.7,83.0,26.2,21.6,point
2025-07-10 01:00:00 PM,24.8,82.1,26.2,21.5,point
2025-07-10 01:30:00 PM,25.1,80.7,26.9,21.6,point
2025-07-10 02:00:00 PM,25.2,79.1,26.7,21.3,point
2025-07-10 02:30:00 PM,25.7,81.5,28.1,22.3,point
2025-07-10 03:00:00 PM,25.9,80.6,28.3,22.3,point
2025-07-10 03:30:00 PM,26.1,78.5,28.4,22.0,point
2025-07-10 04:00:00 PM,25.7,76.7,27.5,21.3,point
2025-07-10 04:30:00 PM,25.8,76.2,27.6,21.2,point
2025-07-10 05:00:00 PM,24.9,75.5,25.8,20.2,point
2025-07-10 05:30:00 PM,24.7,75.1,25.7,20.0,point
2025-07-10 06:00:00 PM,24.0,75.0,24.9,19.3,point
2025-07-10 06:30:00 PM,23.8,75.1,24.6,19.1,point
2025-07-10 07:00:00 PM,22.6,75.2,23.3,18.0,point
2025-07-10 07:30:00 PM,22.5,76.0,23.2,18.1,point
2025-07-10 08:00:00 PM,18.9,81.2,18.8,15.6,point
2025-07-10 08:30:00 PM,18.3,82.1,18.2,15.2,point
2025-07-10 09:00:00 PM,18.0,83.0,17.9,15.0,point
2025-07-10 09:30:00 PM,17.5,83.6,17.5,14.7,point
2025-07-10 10:00:00 PM,17.3,84.1,17.2,14.6,point
2025-07-10 10:30:00 PM,17.3,85.9,17.3,14.9,point
2025-07-10 11:00:00 PM,17.3,86.9,17.3,15.1,point
2025-07-10 11:30:00 PM,17.2,87.2,17.3,15.1,point
2025-07-11 12:00:00 AM,17.4,88.5,17.5,15.4,point
2025-07-11 12:30:00 AM,17.2,88.8,17.4,15.4,point
2025-07-11 01:00:00 AM,22.3,82.0,23.0,19.1,point
2025-07-11 01:30:00 AM,22.8,80.3,23.6,19.2,point
2025-07-11 02:00:00 AM,23.0,80.9,23.9,19.5,point
2025-07-11 02:30:00 AM,22.5,80.7,23.2,19.0,point
2025-07-11 03:00:00 AM,22.7,81.3,23.5,19.3,point
2025-07-11 03:30:00 AM,22.6,80.9,23.5,19.1,point
2025-07-11 04:00:00 AM,22.8,81.3,23.6,19.4,point
2025-07-11 04:30:00 AM,22.5,81.4,23.4,19.2,point
2025-07-11 05:00:00 AM,22.8,81.9,23.7,19.5,point
2025-07-11 05:30:00 AM,22.4,82.2,23.2,19.2,point
2025-07-11 06:00:00 AM,22.0,82.1,22.8,18.8,point
2025-07-11 06:30:00 AM,22.6,82.5,23.5,19.5,point
2025-07-11 07:00:00 AM,22.5,82.3,23.3,19.3,point
2025-07-11 07:30:00 AM,22.2,82.2,23.0,19.1,point
2025-07-11 08:00:00 AM,23.1,82.7,24.1,19.9,point
2025-07-11 08:30:00 AM,23.7,82.4,24.9,20.5,point
2025-07-11 09:00:00 AM,23.7,81.7,24.8,20.4,point
2025-07-11 09:30:00 AM,24.2,80.4,25.4,20.7,point
2025-07-11 10:00:00 AM,24.7,79.7,26.0,21.0,point
2025-07-11 10:30:00 AM,24.8,78.9,26.1,20.9,point
2025-07-11 11:00:00 AM,25.2,78.9,26.7,21.3,point
2025-07-11 11:30:00 AM,25.5,78.5,27.4,21.5,point
2025-07-11 12:00:00 PM,25.8,77.9,27.8,21.6,point
2025-07-11 12:30:00 PM,23.8,73.0,24.5,18.7,point
2025-07-11 01:00:00 PM,25.2,89.5,27.8,23.4,point
2025-07-11 01:30:00 PM,26.0,88.4,29.5,23.9,point
2025-07-11 02:00:00 PM,26.2,88.2,29.7,24.0,point
2025-07-11 02:30:00 PM,25.7,87.1,28.7,23.4,point
2025-07-11 03:00:00 PM,25.6,87.4,28.5,23.4,point
2025-07-11 03:30:00 PM,25.1,86.4,27.3,22.7,point
2025-07-11 04:00:00 PM,24.8,86.8,26.7,22.5,point
2025-07-11 04:30:00 PM,24.5,86.0,26.2,22.0,point
2025-07-11 05:00:00 PM,24.2,86.5,25.7,21.8,point
2025-07-11 05:30:00 PM,23.6,85.2,24.9,21.0,point
2025-07-11 06:00:00 PM,23.3,85.4,24.4,20.7,point
2025-07-11 06:30:00 PM,22.6,85.5,23.7,20.1,point
2025-07-11 07:00:00 PM,22.3,85.2,23.1,19.7,point
2025-07-11 07:30:00 PM,21.9,85.0,22.6,19.2,point
2025-07-11 08:00:00 PM,18.8,91.6,19.1,17.4,point
2025-07-11 08:30:00 PM,18.1,92.6,18.5,16.9,point
2025-07-11 09:00:00 PM,17.7,93.6,18.1,16.7,point
2025-07-11 09:30:00 PM,17.3,93.4,17.7,16.3,point
2025-07-11 10:00:00 PM,17.3,94.5,17.7,16.4,point
2025-07-11 10:30:00 PM,17.1,94.7,17.5,16.2,point
2025-07-11 11:00:00 PM,17.2,95.4,17.6,16.4,point
2025-07-11 11:30:00 PM,17.2,95.3,17.7,16.5,point
2025-07-12 12:00:00 AM,17.2,95.3,17.7,16.4,point
2025-07-12 12:30:00 AM,17.3,95.4,17.8,16.6,point
2025-07-12 01:00:00 AM,21.4,90.7,22.3,19.8,point
2025-07-12 01:30:00 AM,21.7,88.7,22.5,19.7,point
2025-07-12 02:00:00 AM,21.6,88.2,22.5,19.6,point
2025-07-12 02:30:00 AM,21.5,87.4,22.4,19.3,point
2025-07-12 03:00:00 AM,21.2,87.8,22.0,19.1,point
2025-07-12 03:30:00 AM,21.3,86.7,22.1,19.0,point
2025-07-12 04:00:00 AM,21.4,87.5,22.1,19.2,point
2025-07-12 04:30:00 AM,21.5,87.1,22.2,19.2,point
2025-07-12 05:00:00 AM,21.5,86.7,22.4,19.2,point
2025-07-12 05:30:00 AM,21.8,86.6,22.6,19.4,point
2025-07-12 06:00:00 AM,21.4,86.2,22.0,19.0,point
2025-07-12 06:30:00 AM,21.7,86.1,22.5,19.3,point
2025-07-12 07:00:00 AM,21.4,86.7,22.2,19.1,point
2025-07-12 07:30:00 AM,21.3,87.0,22.0,19.0,point
2025-07-12 08:00:00 AM,22.0,87.8,22.9,19.9,point
2025-07-12 08:30:00 AM,22.1,88.8,23.2,20.2,point
2025-07-12 09:00:00 AM,22.4,89.0,23.4,20.4,point
2025-07-12 09:30:00 AM,23.2,89.3,24.6,21.3,point
2025-07-12 10:00:00 AM,23.5,88.8,25.0,21.6,point
2025-07-12 10:30:00 AM,23.6,88.4,25.1,21.6,point
2025-07-12 11:00:00 AM,24.1,88.6,25.6,22.0,point
2025-07-12 11:30:00 AM,24.5,88.4,26.3,22.5,point
2025-07-12 12:00:00 PM,24.9,88.3,27.0,22.9,point
2025-07-12 12:30:00 PM,24.9,87.9,27.0,22.8,point
2025-07-12 01:00:00 PM,25.2,87.9,27.7,23.0,point
2025-07-12 01:30:00 PM,25.9,87.6,29.0,23.7,point
2025-07-12 02:00:00 PM,25.8,86.0,28.6,23.2,point
2025-07-12 02:30:00 PM,25.7,85.3,28.3,23.0,point
2025-07-12 03:00:00 PM,25.4,84.4,27.8,22.6,point
2025-07-12 03:30:00 PM,25.0,83.9,26.9,22.1,point
2025-07-12 04:00:00 PM,25.0,83.3,26.7,21.9,point
2025-07-12 04:30:00 PM,25.0,82.2,26.6,21.7,point
2025-07-12 05:00:00 PM,24.3,81.7,25.6,21.0,point
2025-07-12 05:30:00 PM,24.0,81.0,25.1,20.5,point
2025-07-12 06:00:00 PM,23.5,81.0,24.5,20.0,point
2025-07-12 06:30:00 PM,23.0,80.6,23.9,19.5,point
2025-07-12 07:00:00 PM,22.6,80.6,23.4,19.0,point
2025-07-12 07:30:00 PM,22.3,79.8,23.0,18.6,point
2025-07-12 08:00:00 PM,19.1,86.3,19.3,16.8,point
2025-07-12 08:30:00 PM,18.5,87.5,18.7,16.4,point
2025-07-12 09:00:00 PM,18.0,87.7,18.0,15.9,point
2025-07-12 09:30:00 PM,17.4,87.6,17.5,15.3,point
2025-07-12 10:00:00 PM,17.4,88.1,17.4,15.4,point
2025-07-12 10:30:00 PM,17.4,88.2,17.4,15.4,point
2025-07-12 11:00:00 PM,17.2,88.0,17.3,15.2,point
2025-07-12 11:30:00 PM,17.1,87.8,17.1,15.0,point
2025-07-13 12:00:00 AM,17.2,87.5,17.2,15.1,point
2025-07-13 12:30:00 AM,17.2,88.3,17.3,15.2,point
2025-07-13 01:00:00 AM,21.0,81.5,21.4,17.7,point
2025-07-13 01:30:00 AM,21.1,79.2,21.5,17.3,point
2025-07-13 02:00:00 AM,21.2,80.1,21.8,17.7,point
2025-07-13 02:30:00 AM,21.2,79.6,21.6,17.5,point
2025-07-13 03:00:00 AM,21.6,79.6,22.2,17.9,point
2025-07-13 03:30:00 AM,21.4,79.0,22.0,17.6,point
2025-07-13 04:00:00 AM,21.6,79.1,22.3,17.8,point
2025-07-13 04:30:00 AM,21.6,78.6,22.1,17.7,point
2025-07-13 05:00:00 AM,21.5,78.7,21.9,17.6,point
2025-07-13 05:30:00 AM,21.4,78.7,21.9,17.6,point
2025-07-13 06:00:00 AM,21.4,78.5,21.9,17.5,point
2025-07-13 06:30:00 AM,21.6,78.0,22.1,17.5,point
2025-07-13 07:00:00 AM,21.4,78.1,21.8,17.4,point
2025-07-13 07:30:00 AM,21.5,77.6,21.9,17.4,point
2025-07-13 08:00:00 AM,21.7,78.2,22.2,17.7,point
2025-07-13 08:30:00 AM,22.0,77.7,22.6,18.0,point
2025-07-13 09:00:00 AM,22.4,77.3,23.1,18.2,point
2025-07-13 09:30:00 AM,22.9,76.7,23.6,18.6,point
2025-07-13 10:00:00 AM,23.3,76.3,24.0,18.9,point
2025-07-13 10:30:00 AM,23.6,75.9,24.4,19.1,point
2025-07-13 11:00:00 AM,23.7,75.6,24.4,19.1,point
2025-07-13 11:30:00 AM,24.1,75.2,25.0,19.5,point
2025-07-13 12:00:00 PM,24.5,75.0,25.2,19.8,point
2025-07-13 12:30:00 PM,24.8,74.7,25.7,20.0,point
2025-07-13 01:00:00 PM,25.0,74.2,25.9,20.1,point
2025-07-13 01:30:00 PM,25.6,73.9,27.0,20.6,point
2025-07-13 02:00:00 PM,25.6,73.1,26.9,20.4,point
2025-07-13 02:30:00 PM,25.4,72.7,26.7,20.2,point
2025-07-13 03:00:00 PM,25.2,72.8,26.4,20.0,point
2025-07-13 03:30:00 PM,24.9,72.8,25.6,19.7,point
2025-07-13 04:00:00 PM,24.7,72.8,25.5,19.5,point
2025-07-13 04:30:00 PM,24.4,73.0,25.1,19.3,point
2025-07-13 05:00:00 PM,24.2,73.6,24.9,19.1,point
2025-07-13 05:30:00 PM,23.6,73.2,24.2,18.5,point
2025-07-13 06:00:00 PM,23.0,73.6,23.5,18.0,point
2025-07-13 06:30:00 PM,22.5,73.7,23.0,17.6,point
2025-07-13 07:00:00 PM,22.1,74.3,22.6,17.4,point
2025-07-13 07:30:00 PM,21.7,74.4,22.2,17.0,point
2025-07-13 08:00:00 PM,18.9,79.9,18.8,15.4,point
2025-07-13 08:30:00 PM,18.4,80.8,18.2,15.0,point
2025-07-13 09:00:00 PM,17.9,82.0,17.7,14.8,point
2025-07-13 09:30:00 PM,17.4,83.2,17.3,14.5,point
2025-07-13 10:00:00 PM,17.2,84.5,17.2,14.6,point
2025-07-13 10:30:00 PM,17.2,85.2,17.1,14.7,point
2025-07-13 11:00:00 PM,17.2,85.4,17.2,14.8,point
2025-07-13 11:30:00 PM,17.1,85.1,17.0,14.6,point
2025-07-14 12:00:00 AM,17.2,85.4,17.1,14.7,point
2025-07-14 12:30:00 AM,17.1,84.9,17.0,14.5,point
2025-07-14 01:00:00 AM,21.0,77.2,21.3,16.8,point
2025-07-14 01:30:00 AM,21.2,76.0,21.5,16.8,point
2025-07-14 02:00:00 AM,21.2,76.3,21.5,16.9,point
2025-07-14 02:30:00 AM,21.4,76.6,21.9,17.1,point
2025-07-14 03:00:00 AM,21.3,75.9,21.7,16.9,point
2025-07-14 03:30:00 AM,21.3,76.2,21.8,17.0,point
2025-07-14 04:00:00 AM,21.3,76.3,21.8,17.0,point
2025-07-14 04:30:00 AM,21.4,76.3,21.9,17.1,point
2025-07-14 05:00:00 AM,21.4,76.4,21.8,17.0,point
2025-07-14 05:30:00 AM,21.3,76.8,21.7,17.0,point
2025-07-14 06:00:00 AM,21.5,76.6,22.1,17.2,point
2025-07-14 06:30:00 AM,21.5,76.7,21.9,17.2,point
2025-07-14 07:00:00 AM,21.4,76.8,21.9,17.2,point
2025-07-14 07:30:00 AM,21.4,77.1,21.8,17.2,point
2025-07-14 08:00:00 AM,21.7,77.0,22.2,17.5,point
2025-07-14 08:30:00 AM,22.2,76.7,22.7,17.9,point
2025-07-14 09:00:00 AM,22.5,75.9,23.1,18.0,point
2025-07-14 09:30:00 AM,23.0,75.4,23.7,18.4,point
2025-07-14 10:00:00 AM,23.2,74.9,23.9,18.5,point
2025-07-14 10:30:00 AM,23.5,74.5,24.1,18.7,point
2025-07-14 11:00:00 AM,23.9,74.2,24.5,19.0,point
2025-07-14 11:30:00 AM,24.1,73.7,24.8,19.1,point
2025-07-14 12:00:00 PM,24.4,73.2,25.1,19.3,point
2025-07-14 12:30:00 PM,24.9,73.0,25.6,19.7,point
2025-07-14 01:00:00 PM,25.1,72.5,26.0,19.8,point
2025-07-14 01:30:00 PM,25.6,72.0,26.8,20.1,point
2025-07-14 02:00:00 PM,25.7,72.9,27.1,20.5,point
2025-07-14 02:30:00 PM,25.5,72.2,26.7,20.1,point
2025-07-14 03:00:00 PM,25.1,71.8,25.9,19.6,point
2025-07-14 03:30:00 PM,25.0,71.9,25.9,19.6,point
2025-07-14 04:00:00 PM,24.8,72.1,25.5,19.4,point
2025-07-14 04:30:00 PM,24.5,72.5,25.1,19.2,point
2025-07-14 05:00:00 PM,24.1,72.9,24.8,19.0,point
2025-07-14 05:30:00 PM,23.8,72.7,24.5,18.6,point
2025-07-14 06:00:00 PM,23.2,72.4,23.8,18.0,point
2025-07-14 06:30:00 PM,22.9,72.7,23.4,17.7,point
2025-07-14 07:00:00 PM,22.3,74.2,22.9,17.5,point
2025-07-14 07:30:00 PM,21.8,75.1,22.3,17.2,point
2025-07-14 08:00:00 PM,19.0,81.1,19.0,15.7,point
2025-07-14 08:30:00 PM,18.2,81.8,18.1,15.1,point
2025-07-14 09:00:00 PM,17.9,83.0,17.8,14.9,point
2025-07-14 09:30:00 PM,17.4,83.6,17.4,14.6,point
2025-07-14 10:00:00 PM,17.3,84.7,17.2,14.7,point
2025-07-14 10:30:00 PM,17.3,85.1,17.2,14.7,point
2025-07-14 11:00:00 PM,17.0,85.0,17.0,14.5,point
2025-07-14 11:30:00 PM,17.1,85.4,17.1,14.7,point
2025-07-15 12:00:00 AM,17.2,86.2,17.2,14.9,point
2025-07-15 12:30:00 AM,17.1,86.1,17.1,14.8,point
2025-07-15 01:00:00 AM,20.9,78.4,21.3,17.0,point
2025-07-15 01:30:00 AM,21.1,77.1,21.5,17.0,point
2025-07-15 02:00:00 AM,21.1,77.5,21.5,17.0,point
2025-07-15 02:30:00 AM,21.3,77.2,21.7,17.1,point
2025-07-15 03:00:00 AM,21.3,77.5,21.8,17.2,point
2025-07-15 03:30:00 AM,21.2,77.3,21.5,17.1,point
2025-07-15 04:00:00 AM,21.2,77.5,21.7,17.2,point
2025-07-15 04:30:00 AM,21.4,77.6,21.8,17.3,point
2025-07-15 05:00:00 AM,21.1,77.4,21.5,17.0,point
2025-07-15 05:30:00 AM,21.2,78.0,21.7,17.2,point
2025-07-15 06:00:00 AM,21.3,78.5,21.8,17.4,point
2025-07-15 06:30:00 AM,21.3,78.7,21.8,17.5,point
2025-07-15 07:00:00 AM,21.2,78.9,21.8,17.4,point
2025-07-15 07:30:00 AM,21.2,78.4,21.7,17.3,point
2025-07-15 08:00:00 AM,21.6,78.9,22.2,17.7,point
2025-07-15 08:30:00 AM,22.2,78.1,22.8,18.2,point
2025-07-15 09:00:00 AM,22.4,77.6,23.0,18.3,point
2025-07-15 09:30:00 AM,22.8,76.9,23.4,18.5,point
2025-07-15 10:00:00 AM,23.2,76.4,23.9,18.8,point
2025-07-15 10:30:00 AM,23.6,76.6,24.4,19.2,point
2025-07-15 11:00:00 AM,23.8,75.5,24.5,19.2,point
2025-07-15 11:30:00 AM,24.2,75.3,25.0,19.5,point
2025-07-15 12:00:00 PM,24.6,74.8,25.3,19.8,point
2025-07-15 12:30:00 PM,24.7,74.7,25.6,19.9,point
2025-07-15 01:00:00 PM,25.1,74.2,26.3,20.2,point
2025-07-15 01:30:00 PM,25.5,74.0,26.8,20.5,point
2025-07-15 02:00:00 PM,25.5,73.3,26.9,20.4,point
2025-07-15 02:30:00 PM,25.5,73.3,26.7,20.3,point
2025-07-15 03:00:00 PM,25.6,73.4,27.1,20.5,point
2025-07-15 03:30:00 PM,23.2,68.6,23.5,17.1,point
2025-07-15 04:00:00 PM,23.2,71.9,23.7,17.9,point
2025-07-15 04:30:00 PM,22.8,78.2,23.5,18.8,point
2025-07-15 05:00:00 PM,22.1,79.0,22.8,18.3,point
2025-07-15 05:30:00 PM,21.7,79.6,22.3,18.0,point
2025-07-15 06:00:00 PM,21.2,79.9,21.8,17.6,point
2025-07-15 06:30:00 PM,21.0,81.9,21.4,17.8,point
2025-07-15 07:00:00 PM,20.5,82.7,21.0,17.5,point
2025-07-15 07:30:00 PM,19.7,83.1,20.0,16.8,point
2025-07-15 08:00:00 PM,18.8,86.5,18.9,16.5,point
2025-07-15 08:30:00 PM,18.3,88.2,18.4,16.3,point
2025-07-15 09:00:00 PM,17.9,88.9,18.0,16.0,point
2025-07-15 09:30:00 PM,17.4,89.5,17.6,15.7,point
2025-07-15 10:00:00 PM,17.2,90.7,17.5,15.7,point
2025-07-15 10:30:00 PM,17.1,91.3,17.3,15.6,point
2025-07-15 11:00:00 PM,17.2,92.3,17.5,15.9,point
2025-07-15 11:30:00 PM,17.2,92.4,17.6,16.0,point
2025-07-16 12:00:00 AM,17.2,92.5,17.6,16.0,point
2025-07-16 12:30:00 AM,17.2,92.1,17.5,15.9,point
2025-07-16 01:00:00 AM,19.3,89.5,19.6,17.5,point
2025-07-16 01:30:00 AM,19.5,87.8,19.8,17.4,point
2025-07-16 02:00:00 AM,19.4,86.7,19.8,17.1,point
2025-07-16 02:30:00 AM,19.5,86.4,19.9,17.2,point
2025-07-16 03:00:00 AM,19.5,86.4,19.9,17.2,point
2025-07-16 03:30:00 AM,19.6,86.2,19.9,17.2,point
2025-07-16 04:00:00 AM,19.5,85.8,19.8,17.1,point
2025-07-16 04:30:00 AM,19.6,85.9,19.8,17.1,point
2025-07-16 05:00:00 AM,19.6,86.3,19.9,17.3,point
2025-07-16 05:30:00 AM,19.7,86.7,20.2,17.4,point
2025-07-16 06:00:00 AM,19.5,86.7,19.9,17.2,point
2025-07-16 06:30:00 AM,19.6,86.8,20.0,17.4,point
2025-07-16 07:00:00 AM,19.7,88.0,20.0,17.6,point
2025-07-16 07:30:00 AM,19.6,88.0,20.0,17.6,point
2025-07-16 08:00:00 AM,20.1,89.8,20.6,18.3,point
2025-07-16 08:30:00 AM,20.5,87.3,21.0,18.3,point
2025-07-16 09:00:00 AM,20.9,85.6,21.5,18.4,point
2025-07-16 09:30:00 AM,21.5,84.7,22.1,18.8,point
2025-07-16 10:00:00 AM,21.8,84.2,22.5,19.0,point
2025-07-16 10:30:00 AM,22.1,84.0,22.9,19.2,point
2025-07-16 11:00:00 AM,22.3,83.5,23.3,19.4,point
2025-07-16 11:30:00 AM,22.8,82.8,23.7,19.7,point
2025-07-16 12:00:00 PM,23.1,82.3,24.0,19.9,point
2025-07-16 12:30:00 PM,23.4,81.9,24.5,20.1,point
2025-07-16 01:00:00 PM,23.9,81.4,25.1,20.6,point
2025-07-16 01:30:00 PM,24.3,80.5,25.4,20.7,point
2025-07-16 02:00:00 PM,24.1,79.9,25.2,20.5,point
2025-07-16 02:30:00 PM,23.8,79.6,24.9,20.1,point
2025-07-16 03:00:00 PM,23.6,80.0,24.6,20.0,point
2025-07-16 03:30:00 PM,23.4,80.7,24.3,19.9,point
2025-07-16 04:00:00 PM,23.1,81.2,24.1,19.7,point
2025-07-16 04:30:00 PM,22.7,81.0,23.5,19.2,point
2025-07-16 05:00:00 PM,22.4,81.3,23.1,19.0,point
2025-07-16 05:30:00 PM,21.8,81.8,22.5,18.6,point
2025-07-16 06:00:00 PM,21.6,82.6,22.4,18.5,point
2025-07-16 06:30:00 PM,21.0,83.8,21.6,18.2,point
2025-07-16 07:00:00 PM,20.4,84.2,20.9,17.7,point
2025-07-16 07:30:00 PM,19.9,85.1,20.3,17.3,point
2025-07-16 08:00:00 PM,18.7,87.5,18.9,16.6,point
2025-07-16 08:30:00 PM,18.3,89.4,18.4,16.5,point
2025-07-16 09:00:00 PM,17.9,89.9,18.0,16.2,point
2025-07-16 09:30:00 PM,17.4,90.6,17.7,15.9,point
2025-07-16 10:00:00 PM,17.3,91.8,17.5,15.9,point
2025-07-16 10:30:00 PM,17.1,92.7,17.5,15.9,point
2025-07-16 11:00:00 PM,17.1,92.9,17.4,15.9,point
2025-07-16 11:30:00 PM,17.1,92.5,17.5,15.9,point
2025-07-17 12:00:00 AM,17.1,92.9,17.4,15.9,point
2025-07-17 12:30:00 AM,17.1,93.2,17.5,16.0,point
2025-07-17 01:00:00 AM,19.5,91.0,20.1,18.0,point
2025-07-17 01:30:00 AM,19.5,89.1,20.0,17.6,point
2025-07-17 02:00:00 AM,19.8,88.7,20.2,17.9,point
2025-07-17 02:30:00 AM,19.7,88.4,20.2,17.8,point
2025-07-17 03:00:00 AM,19.6,87.8,20.0,17.5,point
2025-07-17 03:30:00 AM,19.5,87.8,19.9,17.5,point
2025-07-17 04:00:00 AM,19.6,88.0,20.0,17.6,point
2025-07-17 04:30:00 AM,19.8,88.0,20.2,17.7,point
2025-07-17 05:00:00 AM,19.7,88.1,20.2,17.7,point
2025-07-17 05:30:00 AM,19.7,88.3,20.1,17.7,point
2025-07-17 06:00:00 AM,19.8,88.6,20.2,17.8,point
2025-07-17 06:30:00 AM,19.8,88.5,20.2,17.8,point
2025-07-17 07:00:00 AM,19.8,89.1,20.3,18.0,point
2025-07-17 07:30:00 AM,19.7,89.0,20.1,17.8,point
2025-07-17 08:00:00 AM,20.2,89.5,20.7,18.4,point
2025-07-17 08:30:00 AM,20.6,88.6,21.2,18.6,point
2025-07-17 09:00:00 AM,21.1,87.6,21.7,18.9,point
2025-07-17 09:30:00 AM,21.4,86.3,22.1,19.0,point
2025-07-17 10:00:00 AM,21.9,85.3,22.8,19.3,point
2025-07-17 10:30:00 AM,22.1,84.8,23.0,19.5,point
2025-07-17 11:00:00 AM,22.5,83.8,23.5,19.6,point
2025-07-17 11:30:00 AM,22.8,83.2,23.8,19.8,point
2025-07-17 12:00:00 PM,23.1,82.8,24.1,19.9,point
2025-07-17 12:30:00 PM,23.2,82.9,24.3,20.2,point
2025-07-17 01:00:00 PM,24.7,79.8,26.0,21.0,point
2025-07-17 01:30:00 PM,24.3,70.5,24.8,18.6,point
2025-07-17 02:00:00 PM,24.9,84.8,26.8,22.2,point
2025-07-17 02:30:00 PM,24.4,86.0,26.0,21.9,point
2025-07-17 03:00:00 PM,23.9,87.4,25.4,21.7,point
2025-07-17 03:30:00 PM,23.3,88.6,24.6,21.3,point
2025-07-17 04:00:00 PM,22.8,89.1,24.0,20.9,point
2025-07-17 04:30:00 PM,22.6,90.0,23.9,20.9,point
2025-07-17 05:00:00 PM,22.1,90.0,23.2,20.4,point
2025-07-17 05:30:00 PM,21.6,90.3,22.6,20.0,point
2025-07-17 06:00:00 PM,21.3,90.7,22.1,19.7,point
2025-07-17 06:30:00 PM,20.8,90.6,21.6,19.2,point
2025-07-17 07:00:00 PM,20.2,90.7,20.9,18.7,point
2025-07-17 07:30:00 PM,19.7,89.8,20.2,18.0,point
2025-07-17 08:00:00 PM,18.6,92.3,19.1,17.4,point
2025-07-17 08:30:00 PM,18.2,93.1,18.6,17.1,point
2025-07-17 09:00:00 PM,17.6,92.7,18.0,16.4,point
2025-07-17 09:30:00 PM,17.4,92.9,17.7,16.2,point
2025-07-17 10:00:00 PM,17.1,93.9,17.6,16.1,point
2025-07-17 10:30:00 PM,17.1,93.8,17.6,16.1,point
2025-07-17 11:00:00 PM,17.0,94.1,17.5,16.1,point
2025-07-17 11:30:00 PM,17.1,94.1,17.5,16.1,point
2025-07-18 12:00:00 AM,17.2,93.9,17.6,16.2,point
2025-07-18 12:30:00 AM,17.2,94.6,17.6,16.3,point
2025-07-18 01:00:00 AM,20.2,93.0,20.8,19.0,point
2025-07-18 01:30:00 AM,19.9,92.1,20.6,18.6,point
2025-07-18 02:00:00 AM,19.9,91.6,20.6,18.5,point
2025-07-18 02:30:00 AM,19.7,91.3,20.3,18.3,point
2025-07-18 03:00:00 AM,19.9,91.1,20.6,18.5,point
2025-07-18 03:30:00 AM,19.9,90.8,20.4,18.3,point
2025-07-18 04:00:00 AM,19.9,90.7,20.4,18.3,point
2025-07-18 04:30:00 AM,19.8,90.6,20.4,18.2,point
2025-07-18 05:00:00 AM,19.7,90.5,20.2,18.1,point
2025-07-18 05:30:00 AM,19.8,90.7,20.4,18.2,point
2025-07-18 06:00:00 AM,20.0,90.9,20.7,18.5,point
2025-07-18 06:30:00 AM,19.6,90.2,20.1,17.9,point
2025-07-18 07:00:00 AM,19.7,90.8,20.2,18.1,point
2025-07-18 07:30:00 AM,20.0,90.8,20.6,18.4,point
2025-07-18 08:00:00 AM,20.0,90.9,20.6,18.5,point
2025-07-18 08:30:00 AM,20.2,90.6,20.9,18.7,point
2025-07-18 09:00:00 AM,21.2,90.7,22.0,19.6,point
2025-07-18 09:30:00 AM,21.5,90.2,22.5,19.9,point
2025-07-18 10:00:00 AM,22.0,89.5,22.9,20.1,point
2025-07-18 10:30:00 AM,22.3,88.7,23.4,20.4,point
2025-07-18 11:00:00 AM,22.8,87.8,23.9,20.7,point
2025-07-18 11:30:00 AM,23.9,86.5,25.3,21.5,point
2025-07-18 12:00:00 PM,24.4,85.2,26.0,21.8,point
2025-07-18 12:30:00 PM,24.2,84.1,25.5,21.3,point
2025-07-18 01:00:00 PM,24.6,83.3,26.1,21.6,point
2025-07-18 01:30:00 PM,21.9,79.9,22.6,18.3,point
2025-07-18 02:00:00 PM,21.7,86.2,22.4,19.3,point
2025-07-18 02:30:00 PM,21.5,86.5,22.4,19.2,point
2025-07-18 03:00:00 PM,21.2,87.0,21.9,18.9,point
2025-07-18 03:30:00 PM,20.6,86.8,21.1,18.3,point
2025-07-18 04:00:00 PM,20.4,82.4,20.8,17.3,point
2025-07-18 04:30:00 PM,20.1,77.3,20.3,16.0,point
2025-07-18 05:00:00 PM,20.7,77.5,21.0,16.6,point
2025-07-18 05:30:00 PM,20.5,81.8,20.9,17.3,point
2025-07-18 06:00:00 PM,19.7,82.4,19.9,16.6,point
2025-07-18 06:30:00 PM,19.3,83.1,19.5,16.4,point
2025-07-18 07:00:00 PM,18.9,83.0,18.9,15.9,point
2025-07-18 07:30:00 PM,18.5,83.2,18.5,15.6,point
2025-07-18 08:00:00 PM,16.5,87.7,16.6,14.5,point
2025-07-18 08:30:00 PM,16.2,89.0,16.3,14.3,point
2025-07-18 09:00:00 PM,15.9,89.4,16.1,14.2,point
2025-07-18 09:30:00 PM,15.6,90.1,15.8,13.9,point
2025-07-18 10:00:00 PM,15.6,90.6,15.8,14.1,point
2025-07-18 10:30:00 PM,15.5,91.0,15.7,14.0,point
2025-07-18 11:00:00 PM,15.4,91.0,15.7,14.0,point
2025-07-18 11:30:00 PM,15.5,91.3,15.7,14.1,point
2025-07-19 12:00:00 AM,15.5,91.9,15.7,14.2,point
2025-07-19 12:30:00 AM,15.4,91.4,15.7,14.1,point
2025-07-19 01:00:00 AM,18.3,87.0,18.3,16.1,point
2025-07-19 01:30:00 AM,18.4,85.3,18.4,15.9,point
2025-07-19 02:00:00 AM,18.4,85.2,18.4,15.8,point
2025-07-19 02:30:00 AM,18.4,84.6,18.4,15.7,point
2025-07-19 03:00:00 AM,18.4,84.8,18.4,15.8,point
2025-07-19 03:30:00 AM,18.3,85.0,18.2,15.7,point
2025-07-19 04:00:00 AM,18.5,85.4,18.6,16.0,point
2025-07-19 04:30:00 AM,18.3,84.5,18.2,15.6,point
2025-07-19 05:00:00 AM,18.4,84.8,18.5,15.8,point
2025-07-19 05:30:00 AM,18.4,85.0,18.4,15.8,point
2025-07-19 06:00:00 AM,18.5,84.9,18.5,15.9,point
2025-07-19 06:30:00 AM,18.3,84.9,18.2,15.7,point
2025-07-19 07:00:00 AM,18.2,84.7,18.2,15.6,point
2025-07-19 07:30:00 AM,18.4,85.1,18.5,15.9,point
2025-07-19 08:00:00 AM,18.7,85.7,18.8,16.3,point
2025-07-19 08:30:00 AM,19.2,86.4,19.5,16.9,point
2025-07-19 09:00:00 AM,19.6,86.1,19.8,17.2,point
2025-07-19 09:30:00 AM,20.1,85.7,20.4,17.6,point
2025-07-19 10:00:00 AM,20.6,85.4,21.0,18.1,point
2025-07-19 10:30:00 AM,20.8,85.3,21.3,18.2,point
2025-07-19 11:00:00 AM,20.9,84.3,21.5,18.2,point
2025-07-19 11:30:00 AM,21.3,83.6,21.9,18.4,point
2025-07-19 12:00:00 PM,21.6,82.4,22.3,18.5,point
2025-07-19 12:30:00 PM,21.8,81.0,22.4,18.4,point
2025-07-19 01:00:00 PM,22.3,80.0,23.1,18.7,point
2025-07-19 01:30:00 PM,22.5,79.0,23.3,18.7,point
2025-07-19 02:00:00 PM,22.7,78.5,23.5,18.8,point
2025-07-19 02:30:00 PM,22.5,78.6,23.1,18.5,point
2025-07-19 03:00:00 PM,22.2,78.4,22.8,18.2,point
2025-07-19 03:30:00 PM,21.9,78.7,22.4,18.0,point
2025-07-19 04:00:00 PM,21.7,79.2,22.4,18.0,point
2025-07-19 04:30:00 PM,21.4,79.0,21.9,17.6,point
2025-07-19 05:00:00 PM,20.8,79.4,21.1,17.1,point
2025-07-19 05:30:00 PM,20.3,79.9,20.6,16.8,point
2025-07-19 06:00:00 PM,20.2,79.5,20.4,16.5,point
2025-07-19 06:30:00 PM,19.5,80.2,19.5,16.0,point
2025-07-19 07:00:00 PM,19.1,81.2,19.0,15.8,point
2025-07-19 07:30:00 PM,18.6,81.3,18.5,15.3,point
2025-07-19 08:00:00 PM,16.5,86.7,16.6,14.3,point
2025-07-19 08:30:00 PM,16.2,88.3,16.3,14.2,point
2025-07-19 09:00:00 PM,15.8,88.2,15.9,13.9,point
2025-07-19 09:30:00 PM,15.6,88.3,15.7,13.7,point
2025-07-19 10:00:00 PM,15.5,89.3,15.6,13.7,point
2025-07-19 10:30:00 PM,15.4,89.1,15.5,13.6,point
2025-07-19 11:00:00 PM,15.5,89.2,15.6,13.7,point
2025-07-19 11:30:00 PM,15.3,89.6,15.5,13.6,point
2025-07-20 12:00:00 AM,15.3,89.7,15.5,13.7,point
2025-07-20 12:30:00 AM,15.3,89.8,15.5,13.7,point
2025-07-20 01:00:00 AM,18.1,84.4,18.1,15.4,point
2025-07-20 01:30:00 AM,18.3,83.4,18.2,15.4,point
2025-07-20 02:00:00 AM,18.4,83.4,18.4,15.6,point
2025-07-20 02:30:00 AM,18.4,83.2,18.4,15.5,point
2025-07-20 03:00:00 AM,18.3,83.5,18.3,15.5,point
2025-07-20 03:30:00 AM,18.4,83.1,18.4,15.5,point
2025-07-20 04:00:00 AM,18.4,83.2,18.3,15.5,point
2025-07-20 04:30:00 AM,18.5,83.2,18.5,15.6,point
2025-07-20 05:00:00 AM,18.4,83.3,18.3,15.5,point
2025-07-20 05:30:00 AM,18.4,83.2,18.4,15.5,point
2025-07-20 06:00:00 AM,18.2,83.0,18.1,15.2,point
2025-07-20 06:30:00 AM,18.4,83.7,18.3,15.6,point
2025-07-20 07:00:00 AM,18.4,83.7,18.3,15.6,point
2025-07-20 07:30:00 AM,18.2,83.7,18.1,15.4,point
2025-07-20 08:00:00 AM,18.6,83.8,18.6,15.8,point
2025-07-20 08:30:00 AM,19.2,83.2,19.3,16.3,point
2025-07-20 09:00:00 AM,19.6,82.8,19.8,16.5,point
2025-07-20 09:30:00 AM,19.8,82.2,20.0,16.7,point
2025-07-20 10:00:00 AM,20.3,81.4,20.5,17.0,point
2025-07-20 10:30:00 AM,20.6,80.9,20.9,17.2,point
2025-07-20 11:00:00 AM,20.9,81.0,21.4,17.6,point
2025-07-20 11:30:00 AM,21.1,80.8,21.7,17.7,point
2025-07-20 12:00:00 PM,21.5,80.5,22.0,18.0,point
2025-07-20 12:30:00 PM,21.8,80.0,22.4,18.1,point
2025-07-20 01:00:00 PM,22.2,79.1,23.0,18.4,point
2025-07-20 01:30:00 PM,22.6,78.1,23.2,18.5,point
2025-07-20 02:00:00 PM,22.7,77.0,23.4,18.5,point
2025-07-20 02:30:00 PM,22.3,76.9,23.0,18.1,point
2025-07-20 03:00:00 PM,22.1,77.0,22.7,17.9,point
2025-07-20 03:30:00 PM,22.0,77.0,22.5,17.8,point
2025-07-20 04:00:00 PM,21.6,77.4,22.2,17.5,point
2025-07-20 04:30:00 PM,21.2,77.7,21.7,17.2,point
2025-07-20 05:00:00 PM,20.9,78.1,21.2,16.9,point
2025-07-20 05:30:00 PM,20.5,78.5,20.8,16.6,point
2025-07-20 06:00:00 PM,19.9,78.8,20.0,16.1,point
2025-07-20 06:30:00 PM,19.3,79.1,19.2,15.6,point
2025-07-20 07:00:00 PM,19.1,80.2,18.9,15.6,point
2025-07-20 07:30:00 PM,18.4,80.4,18.2,15.0,point
2025-07-20 08:00:00 PM,16.4,85.1,16.4,13.9,point
2025-07-20 08:30:00 PM,16.1,86.8,16.1,13.9,point
2025-07-20 09:00:00 PM,15.8,87.1,15.9,13.7,point
2025-07-20 09:30:00 PM,15.6,87.4,15.7,13.5,point
2025-07-20 10:00:00 PM,15.4,87.8,15.5,13.4,point
2025-07-20 10:30:00 PM,15.4,87.8,15.5,13.4,point
2025-07-20 11:00:00 PM,15.4,87.9,15.4,13.4,point
2025-07-20 11:30:00 PM,15.3,87.8,15.4,13.3,point
2025-07-21 12:00:00 AM,15.4,87.9,15.4,13.4,point
2025-07-21 12:30:00 AM,15.3,87.8,15.4,13.3,point
2025-07-21 01:00:00 AM,18.0,82.3,17.9,15.0,point
2025-07-21 01:30:00 AM,18.2,81.8,18.1,15.1,point
2025-07-21 02:00:00 AM,18.3,81.7,18.2,15.1,point
2025-07-21 02:30:00 AM,18.4,82.2,18.2,15.3,point
2025-07-21 03:00:00 AM,18.4,82.7,18.3,15.4,point
2025-07-21 03:30:00 AM,18.5,83.2,18.5,15.6,point
2025-07-21 04:00:00 AM,18.4,83.0,18.4,15.5,point
2025-07-21 04:30:00 AM,18.4,83.2,18.3,15.4,point
2025-07-21 05:00:00 AM,18.4,84.0,18.4,15.7,point
2025-07-21 05:30:00 AM,18.4,84.2,18.3,15.7,point
2025-07-21 06:00:00 AM,18.4,84.3,18.4,15.7,point
2025-07-21 06:30:00 AM,18.5,84.5,18.6,15.8,point
2025-07-21 07:00:00 AM,18.2,84.3,18.2,15.6,point
2025-07-21 07:30:00 AM,18.3,84.2,18.2,15.6,point
2025-07-21 08:00:00 AM,18.6,84.5,18.6,15.9,point
2025-07-21 08:30:00 AM,19.1,84.8,19.3,16.5,point
2025-07-21 09:00:00 AM,19.6,85.0,19.8,17.0,point
2025-07-21 09:30:00 AM,19.8,83.7,20.1,17.0,point
2025-07-21 10:00:00 AM,21.4,82.0,22.0,18.2,point
2025-07-21 10:30:00 AM,21.5,80.5,22.2,18.0,point
2025-07-21 11:00:00 AM,21.8,80.6,22.4,18.3,point
2025-07-21 11:30:00 AM,22.1,81.1,22.8,18.7,point
2025-07-21 12:00:00 PM,22.0,80.6,22.6,18.5,point
2025-07-21 12:30:00 PM,21.9,80.5,22.5,18.4,point
2025-07-21 01:00:00 PM,22.0,80.8,22.6,18.5,point
2025-07-21 01:30:00 PM,22.0,80.8,22.6,18.5,point
2025-07-21 02:00:00 PM,22.1,80.4,22.9,18.6,point
2025-07-21 02:30:00 PM,22.1,81.2,22.9,18.8,point
2025-07-21 03:00:00 PM,22.0,81.0,22.6,18.6,point
2025-07-21 03:30:00 PM,22.1,81.4,22.8,18.7,point
2025-07-21 04:00:00 PM,22.7,85.1,23.8,20.1,point
2025-07-21 04:30:00 PM,21.8,81.5,22.4,18.5,point
2025-07-21 05:00:00 PM,22.0,81.5,22.8,18.7,point
2025-07-21 05:30:00 PM,22.1,81.9,22.8,18.8,point
2025-07-21 06:00:00 PM,21.8,81.3,22.5,18.5,point
2025-07-21 06:30:00 PM,22.0,82.7,22.9,18.9,point
2025-07-21 07:00:00 PM,22.0,82.3,22.7,18.8,point
2025-07-21 07:30:00 PM,22.0,82.2,22.7,18.8,point
2025-07-21 08:00:00 PM,22.1,82.2,22.9,19.0,point
2025-07-21 08:30:00 PM,22.2,82.4,23.0,19.1,point
2025-07-21 09:00:00 PM,17.0,70.5,16.3,11.6,point
2025-07-21 09:30:00 PM,10.0,66.0,9.5,3.9,point
2025-07-21 10:00:00 PM,7.2,77.7,7.0,3.6,point
2025-07-21 10:30:00 PM,6.6,81.8,6.5,3.7,point
2025-07-21 11:00:00 PM,6.4,84.1,6.4,3.9,point
2025-07-21 11:30:00 PM,6.1,85.3,6.1,3.9,point
2025-07-22 12:00:00 AM,5.9,85.6,5.9,3.7,point
2025-07-22 12:30:00 AM,6.0,87.0,5.9,4.0,point
2025-07-22 01:00:00 AM,6.0,87.2,5.9,4.0,point
2025-07-22 01:30:00 AM,5.9,87.6,5.9,4.0,point
2025-07-22 02:00:00 AM,5.9,88.4,5.9,4.2,point
2025-07-22 02:30:00 AM,5.9,88.3,5.9,4.2,point
2025-07-22 03:00:00 AM,6.1,88.8,6.0,4.4,point
2025-07-22 03:30:00 AM,6.1,88.6,6.0,4.3,point
2025-07-22 04:00:00 AM,6.1,88.8,6.2,4.4,point
2025-07-22 04:30:00 AM,6.1,89.0,6.2,4.4,point
2025-07-22 05:00:00 AM,6.0,89.0,6.0,4.4,point
2025-07-22 05:30:00 AM,6.2,89.5,6.2,4.6,point
2025-07-22 06:00:00 AM,6.0,88.7,6.0,4.3,point
2025-07-22 06:30:00 AM,6.0,89.6,5.9,4.4,point
2025-07-22 07:00:00 AM,6.1,89.0,6.2,4.4,point
2025-07-22 07:30:00 AM,6.0,89.2,6.0,4.4,point
2025-07-22 08:00:00 AM,10.2,99.6,10.5,10.1,point
2025-07-22 08:30:00 AM,16.8,100.0,17.5,16.8,point
2025-07-22 09:00:00 AM,20.8,100.0,21.9,20.8,point
2025-07-22 09:30:00 AM,21.4,89.2,22.1,19.5,point
2025-07-22 10:00:00 AM,21.7,87.6,22.5,19.5,point
2025-07-22 10:30:00 AM,21.8,87.0,22.7,19.6,point
2025-07-22 11:00:00 AM,21.9,86.7,22.7,19.6,point
2025-07-22 11:30:00 AM,21.9,86.6,22.9,19.6,point
2025-07-22 12:00:00 PM,22.1,86.4,23.0,19.7,point
2025-07-22 12:30:00 PM,22.1,86.1,23.0,19.7,point
2025-07-22 01:00:00 PM,22.2,85.8,23.1,19.7,point
2025-07-22 01:30:00 PM,22.2,85.7,23.0,19.7,point
2025-07-22 02:00:00 PM,22.1,85.8,22.9,19.6,point
2025-07-22 02:30:00 PM,22.2,85.6,23.0,19.6,point
2025-07-22 03:00:00 PM,22.1,85.1,22.9,19.5,point
2025-07-22 03:30:00 PM,21.2,87.6,21.9,19.0,point
2025-07-22 04:00:00 PM,21.1,88.1,21.9,19.1,point
2025-07-22 04:30:00 PM,21.7,85.2,22.4,19.1,point
2025-07-22 05:00:00 PM,21.8,85.7,22.5,19.3,point
2025-07-22 05:30:00 PM,22.1,86.0,23.0,19.6,point
2025-07-22 06:00:00 PM,21.6,85.8,22.4,19.1,point
2025-07-22 06:30:00 PM,21.8,85.5,22.5,19.2,point
2025-07-22 07:00:00 PM,21.9,85.3,22.6,19.3,point
2025-07-22 07:30:00 PM,22.0,84.9,22.9,19.4,point
2025-07-22 08:00:00 PM,21.8,84.8,22.5,19.1,point
2025-07-22 08:30:00 PM,22.3,85.6,23.3,19.8,point
2025-07-22 09:00:00 PM,15.8,76.0,15.3,11.6,point
2025-07-22 09:30:00 PM,10.0,70.0,9.5,4.8,point
2025-07-22 10:00:00 PM,7.3,79.3,7.2,4.0,point
2025-07-22 10:30:00 PM,6.4,82.8,6.4,3.7,point
2025-07-22 11:00:00 PM,6.1,84.7,6.0,3.7,point
2025-07-22 11:30:00 PM,5.9,86.4,5.8,3.8,point
2025-07-23 12:00:00 AM,5.8,88.3,5.7,4.0,point
2025-07-23 12:30:00 AM,5.7,88.9,5.7,4.0,point
2025-07-23 01:00:00 AM,5.4,89.7,5.4,3.9,point
2025-07-23 01:30:00 AM,5.6,90.1,5.7,4.1,point
2025-07-23 02:00:00 AM,5.5,90.2,5.5,4.0,point
2025-07-23 02:30:00 AM,5.6,90.8,5.6,4.2,point
2025-07-23 03:00:00 AM,5.5,90.3,5.5,4.0,point
2025-07-23 03:30:00 AM,5.3,90.5,5.4,3.9,point
2025-07-23 04:00:00 AM,5.5,91.2,5.5,4.2,point
2025-07-23 04:30:00 AM,5.5,91.0,5.5,4.1,point
2025-07-23 05:00:00 AM,5.3,91.1,5.4,4.0,point
2025-07-23 05:30:00 AM,5.3,91.4,5.4,4.0,point
2025-07-23 06:00:00 AM,5.4,91.5,5.5,4.2,point
2025-07-23 06:30:00 AM,5.4,91.7,5.5,4.2,point
2025-07-23 07:00:00 AM,5.2,90.6,5.3,3.8,point
2025-07-23 07:30:00 AM,5.3,91.1,5.4,4.0,point
2025-07-23 08:00:00 AM,10.3,100.0,10.8,10.3,point
2025-07-23 08:30:00 AM,17.6,100.0,18.4,17.6,point
2025-07-23 09:00:00 AM,22.6,93.6,23.9,21.5,point
2025-07-23 09:30:00 AM,22.6,87.3,23.7,20.4,point
2025-07-23 10:00:00 AM,22.2,86.2,23.0,19.8,point
2025-07-23 10:30:00 AM,22.2,86.4,23.2,19.9,point
2025-07-23 11:00:00 AM,22.5,86.5,23.5,20.1,point
2025-07-23 11:30:00 AM,22.1,86.2,22.9,19.7,point
2025-07-23 12:00:00 PM,22.1,86.8,23.0,19.8,point
2025-07-23 12:30:00 PM,22.2,86.8,23.2,19.9,point
2025-07-23 01:00:00 PM,22.2,86.3,23.2,19.8,point
2025-07-23 01:30:00 PM,22.2,86.3,23.2,19.8,point
2025-07-23 02:00:00 PM,22.2,86.2,23.2,19.8,point
2025-07-23 02:30:00 PM,22.5,85.7,23.5,20.0,point
2025-07-23 03:00:00 PM,22.2,85.6,23.1,19.7,point
2025-07-23 03:30:00 PM,22.2,85.1,23.0,19.5,point
2025-07-23 04:00:00 PM,22.4,85.5,23.4,19.9,point
2025-07-23 04:30:00 PM,21.8,84.7,22.5,19.1,point
2025-07-23 05:00:00 PM,22.3,84.7,23.1,19.6,point
2025-07-23 05:30:00 PM,22.2,85.0,23.1,19.6,point
2025-07-23 06:00:00 PM,21.6,84.7,22.4,18.9,point
2025-07-23 06:30:00 PM,21.9,84.4,22.6,19.1,point
2025-07-23 07:00:00 PM,22.1,83.6,23.0,19.2,point
2025-07-23 07:30:00 PM,22.8,83.5,23.8,19.8,point
2025-07-23 08:00:00 PM,23.0,82.8,24.1,19.9,point
2025-07-23 08:30:00 PM,22.8,82.3,23.7,19.6,point
2025-07-23 09:00:00 PM,15.5,75.1,15.0,11.1,point
2025-07-23 09:30:00 PM,9.6,70.4,9.1,4.5,point
2025-07-23 10:00:00 PM,6.8,79.6,6.7,3.5,point
2025-07-23 10:30:00 PM,6.1,83.4,6.0,3.5,point
2025-07-23 11:00:00 PM,5.8,85.8,5.8,3.6,point
2025-07-23 11:30:00 PM,5.7,87.1,5.6,3.7,point
2025-07-24 12:00:00 AM,5.5,88.3,5.4,3.7,point
2025-07-24 12:30:00 AM,5.4,89.0,5.4,3.8,point
2025-07-24 01:00:00 AM,5.3,88.3,5.3,3.6,point
2025-07-24 01:30:00 AM,5.3,89.1,5.2,3.6,point
2025-07-24 02:00:00 AM,5.3,89.6,5.3,3.7,point
2025-07-24 02:30:00 AM,5.4,90.2,5.5,4.0,point
2025-07-24 03:00:00 AM,5.3,89.8,5.3,3.8,point
2025-07-24 03:30:00 AM,5.3,89.5,5.2,3.7,point
2025-07-24 04:00:00 AM,5.5,90.0,5.5,4.0,point
2025-07-24 04:30:00 AM,5.3,90.1,5.4,3.9,point
2025-07-24 05:00:00 AM,5.4,90.1,5.5,3.9,point
2025-07-24 05:30:00 AM,5.3,90.3,5.4,3.8,point
2025-07-24 06:00:00 AM,5.4,90.3,5.5,3.9,point
2025-07-24 06:30:00 AM,5.5,90.6,5.5,4.1,point
2025-07-24 07:00:00 AM,5.6,90.4,5.6,4.1,point
2025-07-24 07:30:00 AM,5.5,90.3,5.5,4.0,point
2025-07-24 08:00:00 AM,10.2,99.5,10.5,10.1,point
2025-07-24 08:30:00 AM,16.6,100.0,17.4,16.6,point
2025-07-24 09:00:00 AM,22.1,85.6,23.0,19.6,point
2025-07-24 09:30:00 AM,22.9,81.7,23.9,19.6,point
2025-07-24 10:00:00 AM,23.3,82.0,24.4,20.1,point
2025-07-24 10:30:00 AM,22.7,82.6,23.6,19.6,point
2025-07-24 11:00:00 AM,23.0,82.3,24.0,19.8,point
2025-07-24 11:30:00 AM,22.9,82.0,23.8,19.6,point
2025-07-24 12:00:00 PM,23.4,81.7,24.3,20.1,point
2025-07-24 12:30:00 PM,22.9,81.6,23.9,19.6,point
2025-07-24 01:00:00 PM,20.8,83.0,21.3,17.8,point
2025-07-24 01:30:00 PM,20.1,82.6,20.5,17.1,point
2025-07-24 02:00:00 PM,22.2,80.4,23.0,18.7,point
2025-07-24 02:30:00 PM,20.8,78.0,21.0,16.8,point
2025-07-24 03:00:00 PM,21.8,76.2,22.4,17.4,point
2025-07-24 03:30:00 PM,21.3,75.3,21.8,16.8,point
2025-07-24 04:00:00 PM,21.7,75.2,22.2,17.1,point
2025-07-24 04:30:00 PM,21.4,75.0,21.9,16.8,point
2025-07-24 05:00:00 PM,21.1,74.5,21.4,16.4,point
2025-07-24 05:30:00 PM,21.6,74.0,22.0,16.8,point
2025-07-24 06:00:00 PM,21.1,73.1,21.4,16.1,point
2025-07-24 06:30:00 PM,21.2,72.7,21.5,16.2,point
2025-07-24 07:00:00 PM,21.2,72.1,21.4,16.0,point
2025-07-24 07:30:00 PM,21.3,72.1,21.7,16.1,point
2025-07-24 08:00:00 PM,21.5,71.5,21.9,16.1,point
2025-07-24 08:30:00 PM,21.2,71.7,21.5,15.9,point
2025-07-24 09:00:00 PM,14.8,71.8,14.2,9.7,point
2025-07-24 09:30:00 PM,8.0,67.4,7.6,2.4,point
2025-07-24 10:00:00 PM,6.0,80.5,5.9,2.9,point
2025-07-24 10:30:00 PM,5.8,83.8,5.8,3.3,point
2025-07-24 11:00:00 PM,5.6,85.8,5.6,3.4,point
2025-07-24 11:30:00 PM,5.6,86.3,5.5,3.5,point
2025-07-25 12:00:00 AM,5.4,87.2,5.3,3.4,point
2025-07-25 12:30:00 AM,5.4,87.2,5.4,3.5,point
2025-07-25 01:00:00 AM,5.4,87.8,5.3,3.5,point
2025-07-25 01:30:00 AM,5.4,88.3,5.4,3.6,point
2025-07-25 02:00:00 AM,5.4,87.7,5.4,3.5,point
2025-07-25 02:30:00 AM,5.5,88.5,5.5,3.8,point
2025-07-25 03:00:00 AM,5.4,88.4,5.4,3.6,point
2025-07-25 03:30:00 AM,5.4,89.0,5.4,3.7,point
2025-07-25 04:00:00 AM,5.3,88.7,5.2,3.6,point
2025-07-25 04:30:00 AM,5.5,89.3,5.5,3.9,point
2025-07-25 05:00:00 AM,5.3,89.0,5.3,3.7,point
2025-07-25 05:30:00 AM,5.5,89.4,5.4,3.9,point
2025-07-25 06:00:00 AM,5.3,89.2,5.3,3.7,point
2025-07-25 06:30:00 AM,5.6,89.2,5.5,3.9,point
2025-07-25 07:00:00 AM,5.5,89.0,5.4,3.8,point
2025-07-25 07:30:00 AM,5.5,89.4,5.5,3.9,point
2025-07-25 08:00:00 AM,10.5,98.8,10.9,10.3,point
2025-07-25 08:30:00 AM,17.4,100.0,18.1,17.4,point
2025-07-25 09:00:00 AM,21.3,77.2,21.7,17.1,point
2025-07-25 09:30:00 AM,21.7,76.5,22.3,17.4,point
2025-07-25 10:00:00 AM,22.1,76.5,22.7,17.8,point
2025-07-25 10:30:00 AM,22.4,76.3,23.1,18.0,point
2025-07-25 11:00:00 AM,21.6,76.4,22.1,17.2,point
2025-07-25 11:30:00 AM,21.6,76.1,22.1,17.2,point
2025-07-25 12:00:00 PM,21.3,75.4,21.7,16.7,point
2025-07-25 12:30:00 PM,21.8,74.8,22.2,17.1,point
2025-07-25 01:00:00 PM,22.1,74.7,22.5,17.4,point
2025-07-25 01:30:00 PM,21.6,73.9,22.0,16.7,point
2025-07-25 02:00:00 PM,21.8,73.6,22.3,16.9,point
2025-07-25 02:30:00 PM,21.7,73.0,22.1,16.6,point
2025-07-25 03:00:00 PM,21.8,73.2,22.3,16.8,point
2025-07-25 03:30:00 PM,21.8,73.1,22.2,16.8,point
2025-07-25 04:00:00 PM,23.9,77.1,24.7,19.6,point
2025-07-25 04:30:00 PM,24.1,79.0,25.0,20.2,point
2025-07-25 05:00:00 PM,23.4,79.2,24.3,19.6,point
2025-07-25 05:30:00 PM,23.7,80.2,24.8,20.1,point
2025-07-25 06:00:00 PM,23.4,80.7,24.3,19.9,point
2025-07-25 06:30:00 PM,23.5,81.0,24.6,20.1,point
2025-07-25 07:00:00 PM,23.4,81.3,24.5,20.0,point
2025-07-25 07:30:00 PM,23.4,81.1,24.3,19.9,point
2025-07-25 08:00:00 PM,24.1,81.8,25.2,20.7,point
2025-07-25 08:30:00 PM,23.6,80.8,24.7,20.1,point
2025-07-25 09:00:00 PM,15.2,72.2,14.7,10.2,point
2025-07-25 09:30:00 PM,8.6,67.4,8.0,2.9,point
2025-07-25 10:00:00 PM,6.2,78.5,6.0,2.8,point
2025-07-25 10:30:00 PM,5.7,83.4,5.7,3.1,point
2025-07-25 11:00:00 PM,5.6,85.8,5.6,3.4,point
2025-07-25 11:30:00 PM,5.4,86.8,5.4,3.4,point
2025-07-26 12:00:00 AM,5.4,87.4,5.4,3.5,point
2025-07-26 12:30:00 AM,5.3,88.6,5.3,3.6,point
2025-07-26 01:00:00 AM,5.4,88.7,5.4,3.7,point
2025-07-26 01:30:00 AM,5.4,88.6,5.4,3.7,point
2025-07-26 02:00:00 AM,5.3,88.9,5.3,3.7,point
2025-07-26 02:30:00 AM,5.3,89.2,5.3,3.7,point
2025-07-26 03:00:00 AM,5.4,89.2,5.3,3.8,point
2025-07-26 03:30:00 AM,5.3,89.1,5.3,3.7,point
2025-07-26 04:00:00 AM,5.2,89.4,5.2,3.6,point
2025-07-26 04:30:00 AM,5.3,89.7,5.3,3.8,point
2025-07-26 05:00:00 AM,5.3,89.4,5.3,3.8,point
2025-07-26 05:30:00 AM,5.5,90.3,5.5,4.0,point
2025-07-26 06:00:00 AM,5.4,89.1,5.3,3.7,point
2025-07-26 06:30:00 AM,5.4,89.3,5.4,3.8,point
2025-07-26 07:00:00 AM,5.5,89.3,5.4,3.9,point
2025-07-26 07:30:00 AM,5.5,89.3,5.4,3.9,point
2025-07-26 08:00:00 AM,10.3,98.7,10.7,10.1,point
2025-07-26 08:30:00 AM,16.5,99.6,17.2,16.4,point
2025-07-26 09:00:00 AM,22.7,78.1,23.5,18.7,point
2025-07-26 09:30:00 AM,23.6,77.4,24.4,19.4,point
2025-07-26 10:00:00 AM,24.0,79.3,25.1,20.2,point
2025-07-26 10:30:00 AM,23.8,80.3,24.8,20.2,point
2025-07-26 11:00:00 AM,23.9,80.9,25.0,20.4,point
2025-07-26 11:30:00 AM,23.9,81.8,25.0,20.6,point
2025-07-26 12:00:00 PM,24.1,82.1,25.3,20.8,point
2025-07-26 12:30:00 PM,23.7,82.5,24.9,20.6,point
2025-07-26 01:00:00 PM,23.6,82.9,24.7,20.5,point
2025-07-26 01:30:00 PM,23.7,83.0,24.9,20.7,point
2025-07-26 02:00:00 PM,24.1,82.8,25.4,21.0,point
2025-07-26 02:30:00 PM,23.4,83.1,24.6,20.4,point
2025-07-26 03:00:00 PM,24.0,82.9,25.2,20.9,point
2025-07-26 03:30:00 PM,23.4,83.2,24.6,20.4,point
2025-07-26 04:00:00 PM,23.9,83.2,25.3,20.9,point
2025-07-26 04:30:00 PM,23.9,83.1,25.1,20.9,point
2025-07-26 05:00:00 PM,23.3,82.7,24.3,20.2,point
2025-07-26 05:30:00 PM,23.4,83.0,24.6,20.4,point
2025-07-26 06:00:00 PM,23.2,82.6,24.3,20.1,point
2025-07-26 06:30:00 PM,23.5,82.5,24.7,20.4,point
2025-07-26 07:00:00 PM,23.7,82.1,24.9,20.5,point
2025-07-26 07:30:00 PM,24.0,82.5,25.2,20.8,point
2025-07-26 08:00:00 PM,24.1,82.7,25.4,21.0,point
2025-07-26 08:30:00 PM,23.9,82.0,25.0,20.6,point
2025-07-26 09:00:00 PM,15.8,72.8,15.2,10.9,point
2025-07-26 09:30:00 PM,8.4,68.5,7.9,2.9,point
2025-07-26 10:00:00 PM,6.3,79.5,6.1,3.0,point
2025-07-26 10:30:00 PM,5.8,83.9,5.7,3.3,point
2025-07-26 11:00:00 PM,5.7,86.5,5.7,3.6,point
2025-07-26 11:30:00 PM,5.3,87.0,5.3,3.3,point
2025-07-27 12:00:00 AM,5.5,88.2,5.4,3.7,point
2025-07-27 12:30:00 AM,5.3,88.5,5.3,3.6,point
2025-07-27 01:00:00 AM,5.6,89.1,5.6,4.0,point
2025-07-27 01:30:00 AM,5.4,89.2,5.4,3.8,point
2025-07-27 02:00:00 AM,5.4,89.1,5.4,3.8,point
2025-07-27 02:30:00 AM,5.4,89.0,5.3,3.7,point
2025-07-27 03:00:00 AM,5.4,89.5,5.4,3.8,point
2025-07-27 03:30:00 AM,5.6,89.6,5.5,4.0,point
2025-07-27 04:00:00 AM,5.5,89.3,5.4,3.8,point
2025-07-27 04:30:00 AM,5.5,89.5,5.4,3.9,point
2025-07-27 05:00:00 AM,5.5,89.4,5.5,3.9,point
2025-07-27 05:30:00 AM,5.6,89.3,5.5,3.9,point
2025-07-27 06:00:00 AM,5.5,88.8,5.4,3.8,point
2025-07-27 06:30:00 AM,5.6,89.1,5.5,3.9,point
2025-07-27 07:00:00 AM,5.7,89.8,5.7,4.2,point
2025-07-27 07:30:00 AM,5.6,89.2,5.6,4.0,point
2025-07-27 08:00:00 AM,10.2,98.0,10.6,9.9,point
2025-07-27 08:30:00 AM,17.2,100.0,18.0,17.2,point
2025-07-27 09:00:00 AM,22.8,79.7,23.7,19.1,point
2025-07-27 09:30:00 AM,23.7,78.4,24.5,19.7,point
2025-07-27 10:00:00 AM,23.6,79.7,24.5,19.9,point
2025-07-27 10:30:00 AM,23.5,81.3,24.5,20.1,point
2025-07-27 11:00:00 AM,23.0,81.8,23.9,19.7,point
2025-07-27 11:30:00 AM,23.2,83.0,24.3,20.1,point
2025-07-27 12:00:00 PM,23.4,83.3,24.5,20.4,point
2025-07-27 12:30:00 PM,23.6,83.5,24.9,20.6,point
2025-07-27 01:00:00 PM,23.4,83.5,24.6,20.5,point
2025-07-27 01:30:00 PM,23.2,83.6,24.4,20.3,point
2025-07-27 02:00:00 PM,23.3,83.6,24.5,20.4,point
2025-07-27 02:30:00 PM,23.3,83.0,24.4,20.3,point
2025-07-27 03:00:00 PM,23.1,83.6,24.3,20.2,point
2025-07-27 03:30:00 PM,23.6,83.5,24.9,20.7,point
2025-07-27 04:00:00 PM,23.7,83.8,25.0,20.8,point
2025-07-27 04:30:00 PM,23.2,82.9,24.3,20.2,point
2025-07-27 05:00:00 PM,23.7,83.3,25.0,20.7,point
2025-07-27 05:30:00 PM,23.2,82.6,24.3,20.1,point
2025-07-27 06:00:00 PM,23.6,82.0,24.8,20.4,point
2025-07-27 06:30:00 PM,23.1,82.5,24.2,20.0,point
2025-07-27 07:00:00 PM,23.2,82.2,24.2,20.0,point
2025-07-27 07:30:00 PM,23.8,82.9,24.9,20.7,point
2025-07-27 08:00:00 PM,23.4,82.5,24.4,20.2,point
2025-07-27 08:30:00 PM,23.6,82.6,24.7,20.4,point
2025-07-27 09:00:00 PM,15.5,73.2,14.9,10.7,point
2025-07-27 09:30:00 PM,8.5,68.9,8.1,3.1,point
2025-07-27 10:00:00 PM,6.5,81.1,6.4,3.5,point
2025-07-27 10:30:00 PM,5.8,83.5,5.7,3.2,point
2025-07-27 11:00:00 PM,5.7,86.5,5.6,3.6,point
2025-07-27 11:30:00 PM,5.6,87.5,5.5,3.7,point
2025-07-28 12:00:00 AM,5.6,88.0,5.6,3.8,point
2025-07-28 12:30:00 AM,5.6,88.2,5.5,3.8,point
2025-07-28 01:00:00 AM,5.5,89.0,5.4,3.8,point
2025-07-28 01:30:00 AM,5.4,89.2,5.4,3.8,point
2025-07-28 02:00:00 AM,5.6,88.8,5.6,3.9,point
2025-07-28 02:30:00 AM,5.5,89.2,5.4,3.8,point
2025-07-28 03:00:00 AM,5.6,89.1,5.5,3.9,point
2025-07-28 03:30:00 AM,5.7,89.0,5.6,4.0,point
2025-07-28 04:00:00 AM,5.5,89.3,5.4,3.9,point
2025-07-28 04:30:00 AM,5.5,89.4,5.4,3.9,point
2025-07-28 05:00:00 AM,5.5,89.5,5.4,3.9,point
2025-07-28 05:30:00 AM,5.6,89.6,5.6,4.0,point
2025-07-28 06:00:00 AM,5.5,89.3,5.5,3.9,point
2025-07-28 06:30:00 AM,5.6,89.2,5.5,4.0,point
2025-07-28 07:00:00 AM,5.5,89.3,5.4,3.8,point
2025-07-28 07:30:00 AM,5.5,89.4,5.5,3.9,point
2025-07-28 08:00:00 AM,10.2,98.9,10.6,10.1,point
2025-07-28 08:30:00 AM,17.4,100.0,18.2,17.4,point
2025-07-28 09:00:00 AM,23.1,80.7,24.0,19.6,point
2025-07-28 09:30:00 AM,23.8,79.2,24.8,19.9,point
2025-07-28 10:00:00 AM,24.1,80.3,25.2,20.5,point
2025-07-28 10:30:00 AM,23.8,81.3,24.8,20.4,point
2025-07-28 11:00:00 AM,23.9,82.0,25.2,20.7,point
2025-07-28 11:30:00 AM,24.0,82.8,25.2,20.9,point
2025-07-28 12:00:00 PM,24.3,83.0,25.5,21.2,point
2025-07-28 12:30:00 PM,24.1,83.3,25.5,21.1,point
2025-07-28 01:00:00 PM,24.0,84.0,25.3,21.1,point
2025-07-28 01:30:00 PM,23.9,83.4,25.1,20.9,point
2025-07-28 02:00:00 PM,22.9,83.6,23.9,19.9,point
2025-07-28 02:30:00 PM,22.5,83.0,23.5,19.5,point
2025-07-28 03:00:00 PM,22.4,82.3,23.2,19.2,point
2025-07-28 03:30:00 PM,22.7,82.1,23.7,19.5,point
2025-07-28 04:00:00 PM,23.3,81.4,24.2,19.9,point
2025-07-28 04:30:00 PM,23.2,80.3,24.2,19.6,point
2025-07-28 05:00:00 PM,23.0,80.3,23.9,19.4,point
2025-07-28 05:30:00 PM,22.9,79.1,23.7,19.1,point
2025-07-28 06:00:00 PM,22.9,78.5,23.6,18.9,point
2025-07-28 06:30:00 PM,22.7,78.8,23.4,18.8,point
2025-07-28 07:00:00 PM,22.4,78.1,23.1,18.4,point
2025-07-28 07:30:00 PM,23.0,77.7,23.7,18.9,point
2025-07-28 08:00:00 PM,22.8,77.3,23.4,18.6,point
2025-07-28 08:30:00 PM,22.8,76.8,23.4,18.5,point
2025-07-28 09:00:00 PM,15.2,72.3,14.7,10.3,point
2025-07-28 09:30:00 PM,8.5,68.6,8.1,3.1,point
2025-07-28 10:00:00 PM,6.4,79.9,6.2,3.1,point
2025-07-28 10:30:00 PM,5.9,83.8,5.8,3.3,point
2025-07-28 11:00:00 PM,5.7,86.4,5.7,3.6,point
2025-07-28 11:30:00 PM,5.7,87.3,5.7,3.8,point
2025-07-29 12:00:00 AM,5.4,87.8,5.4,3.6,point
2025-07-29 12:30:00 AM,5.5,88.2,5.5,3.7,point
2025-07-29 01:00:00 AM,5.3,88.2,5.3,3.5,point
2025-07-29 01:30:00 AM,5.4,89.0,5.4,3.8,point
2025-07-29 02:00:00 AM,5.4,88.8,5.4,3.7,point
2025-07-29 02:30:00 AM,5.6,89.3,5.6,4.0,point
2025-07-29 03:00:00 AM,5.6,89.5,5.6,4.0,point
2025-07-29 03:30:00 AM,5.6,89.4,5.5,4.0,point
2025-07-29 04:00:00 AM,5.4,89.7,5.4,3.9,point
2025-07-29 04:30:00 AM,5.7,89.9,5.6,4.1,point
2025-07-29 05:00:00 AM,5.6,89.7,5.5,4.0,point
2025-07-29 05:30:00 AM,5.6,90.0,5.7,4.1,point
2025-07-29 06:00:00 AM,5.8,90.2,5.8,4.3,point
2025-07-29 06:30:00 AM,5.6,90.3,5.6,4.1,point
2025-07-29 07:00:00 AM,5.7,90.2,5.8,4.2,point
2025-07-29 07:30:00 AM,5.7,90.2,5.8,4.2,point
2025-07-29 08:00:00 AM,10.5,99.9,11.0,10.5,point
2025-07-29 08:30:00 AM,17.2,100.0,18.0,17.2,point
2025-07-29 09:00:00 AM,23.0,89.3,24.4,21.1,point
2025-07-29 09:30:00 AM,23.5,84.5,24.8,20.8,point
2025-07-29 10:00:00 AM,23.4,84.6,24.5,20.6,point
2025-07-29 10:30:00 AM,22.3,84.1,23.1,19.5,point
2025-07-29 11:00:00 AM,22.8,84.2,23.9,20.0,point
2025-07-29 11:30:00 AM,22.9,84.1,23.9,20.1,point
2025-07-29 12:00:00 PM,22.5,84.2,23.4,19.7,point
2025-07-29 12:30:00 PM,22.5,84.2,23.4,19.6,point
2025-07-29 01:00:00 PM,22.7,84.6,23.8,20.0,point
2025-07-29 01:30:00 PM,22.8,84.6,23.8,20.0,point
2025-07-29 02:00:00 PM,22.3,84.5,23.1,19.5,point
2025-07-29 02:30:00 PM,22.3,84.7,23.3,19.6,point
2025-07-29 03:00:00 PM,20.9,86.3,21.6,18.5,point
2025-07-29 03:30:00 PM,22.8,85.0,23.9,20.2,point
2025-07-29 04:00:00 PM,22.7,81.0,23.5,19.3,point
2025-07-29 04:30:00 PM,22.6,80.3,23.5,19.0,point
2025-07-29 05:00:00 PM,22.6,80.1,23.3,18.9,point
2025-07-29 05:30:00 PM,22.8,79.4,23.6,19.0,point
2025-07-29 06:00:00 PM,22.0,79.1,22.6,18.2,point
2025-07-29 06:30:00 PM,22.2,78.4,22.9,18.3,point
2025-07-29 07:00:00 PM,22.1,77.9,22.6,18.0,point
2025-07-29 07:30:00 PM,22.3,77.3,22.9,18.1,point
2025-07-29 08:00:00 PM,22.3,76.4,22.8,17.9,point
2025-07-29 08:30:00 PM,22.2,75.7,22.7,17.7,point
2025-07-29 09:00:00 PM,19.0,67.0,18.3,12.8,point
2025-07-29 09:30:00 PM,10.3,64.5,9.7,3.9,point
2025-07-29 10:00:00 PM,7.4,76.5,7.2,3.5,point
2025-07-29 10:30:00 PM,6.7,80.7,6.6,3.7,point
2025-07-29 11:00:00 PM,6.4,83.4,6.3,3.8,point
2025-07-29 11:30:00 PM,6.1,84.6,6.1,3.8,point
2025-07-30 12:00:00 AM,5.9,85.7,5.8,3.7,point
2025-07-30 12:30:00 AM,5.9,86.9,5.8,3.8,point
2025-07-30 01:00:00 AM,5.8,87.0,5.8,3.8,point
2025-07-30 01:30:00 AM,5.8,87.2,5.7,3.8,point
2025-07-30 02:00:00 AM,5.8,87.2,5.7,3.8,point
2025-07-30 02:30:00 AM,5.7,87.8,5.7,3.8,point
2025-07-30 03:00:00 AM,5.7,87.9,5.7,3.9,point
2025-07-30 03:30:00 AM,5.7,88.3,5.6,3.9,point
2025-07-30 04:00:00 AM,5.7,87.7,5.6,3.8,point
2025-07-30 04:30:00 AM,5.7,88.4,5.6,3.9,point
2025-07-30 05:00:00 AM,5.8,89.2,5.7,4.1,point
2025-07-30 05:30:00 AM,5.8,88.8,5.7,4.0,point
2025-07-30 06:00:00 AM,5.9,88.6,5.8,4.1,point
2025-07-30 06:30:00 AM,5.8,88.1,5.7,4.0,point
2025-07-30 07:00:00 AM,5.8,88.0,5.7,4.0,point
2025-07-30 07:30:00 AM,5.8,88.8,5.8,4.1,point
2025-07-30 08:00:00 AM,10.2,99.5,10.5,10.1,point
2025-07-30 08:30:00 AM,17.7,100.0,18.4,17.7,point
2025-07-30 09:00:00 AM,20.2,97.3,21.1,19.8,point
2025-07-30 09:30:00 AM,21.2,86.5,22.0,18.9,point
2025-07-30 10:00:00 AM,22.2,83.7,23.1,19.3,point
2025-07-30 10:30:00 AM,21.9,83.6,22.8,19.0,point
2025-07-30 11:00:00 AM,22.3,83.0,23.2,19.3,point
2025-07-30 11:30:00 AM,22.7,82.7,23.7,19.6,point
2025-07-30 12:00:00 PM,22.5,82.8,23.5,19.5,point
2025-07-30 12:30:00 PM,23.0,79.9,23.9,19.4,point
2025-07-30 01:00:00 PM,23.1,81.0,24.0,19.6,point
2025-07-30 01:30:00 PM,23.4,81.2,24.3,20.0,point
2025-07-30 02:00:00 PM,23.3,80.9,24.2,19.8,point
2025-07-30 02:30:00 PM,23.3,81.0,24.3,19.9,point
2025-07-30 03:00:00 PM,23.3,80.8,24.3,19.8,point
2025-07-30 03:30:00 PM,23.6,80.6,24.6,20.0,point
2025-07-30 04:00:00 PM,23.3,80.7,24.3,19.8,point
2025-07-30 04:30:00 PM,24.0,80.5,25.0,20.4,point
2025-07-30 05:00:00 PM,23.3,80.5,24.2,19.8,point
2025-07-30 05:30:00 PM,23.5,80.1,24.5,19.9,point
2025-07-30 06:00:00 PM,23.6,80.0,24.6,20.0,point
2025-07-30 06:30:00 PM,23.5,80.0,24.4,19.8,point
2025-07-30 07:00:00 PM,23.4,79.7,24.3,19.7,point
2025-07-30 07:30:00 PM,23.4,79.9,24.3,19.7,point
2025-07-30 08:00:00 PM,23.4,79.3,24.4,19.7,point
2025-07-30 08:30:00 PM,23.4,79.2,24.4,19.6,point
2025-07-30 09:00:00 PM,18.1,68.2,17.2,12.1,point
2025-07-30 09:30:00 PM,10.5,65.7,9.9,4.3,point
2025-07-30 10:00:00 PM,7.6,78.1,7.4,4.0,point
2025-07-30 10:30:00 PM,6.7,80.3,6.5,3.5,point
2025-07-30 11:00:00 PM,6.6,83.7,6.5,4.0,point
2025-07-30 11:30:00 PM,6.3,85.1,6.3,4.0,point
2025-07-31 12:00:00 AM,6.3,85.9,6.2,4.1,point
2025-07-31 12:30:00 AM,6.0,86.3,5.9,3.9,point
2025-07-31 01:00:00 AM,6.0,86.9,5.9,4.0,point
2025-07-31 01:30:00 AM,5.9,87.1,5.8,3.9,point
2025-07-31 02:00:00 AM,5.8,87.7,5.8,3.9,point
2025-07-31 02:30:00 AM,5.8,87.8,5.8,4.0,point
2025-07-31 03:00:00 AM,5.8,88.3,5.7,4.0,point
2025-07-31 03:30:00 AM,5.8,88.1,5.7,4.0,point
2025-07-31 04:00:00 AM,5.9,88.4,5.8,4.1,point
2025-07-31 04:30:00 AM,5.7,88.2,5.6,3.9,point
2025-07-31 05:00:00 AM,5.8,88.6,5.7,4.0,point
2025-07-31 05:30:00 AM,5.6,88.6,5.6,3.9,point
2025-07-31 06:00:00 AM,5.8,89.2,5.7,4.1,point
2025-07-31 06:30:00 AM,5.8,88.9,5.7,4.1,point
2025-07-31 07:00:00 AM,5.9,89.3,5.9,4.3,point
2025-07-31 07:30:00 AM,5.9,89.3,5.9,4.3,point
2025-07-31 08:00:00 AM,10.4,99.6,10.8,10.3,point
2025-07-31 08:30:00 AM,17.4,100.0,18.2,17.4,point
2025-07-31 09:00:00 AM,20.8,100.0,21.8,20.8,point
2025-07-31 09:30:00 AM,21.8,86.6,22.6,19.4,point
2025-07-31 10:00:00 AM,21.9,84.7,22.8,19.2,point
2025-07-31 10:30:00 AM,22.3,84.0,23.1,19.5,point
2025-07-31 11:00:00 AM,22.3,84.0,23.3,19.5,point
2025-07-31 11:30:00 AM,22.4,83.6,23.3,19.5,point
2025-07-31 12:00:00 PM,22.3,83.0,23.1,19.3,point
2025-07-31 12:30:00 PM,22.7,83.4,23.6,19.7,point
2025-07-31 01:00:00 PM,22.8,83.4,23.9,19.9,point
2025-07-31 01:30:00 PM,23.0,82.5,23.9,19.8,point
2025-07-31 02:00:00 PM,20.7,82.9,21.3,17.7,point
2025-07-31 02:30:00 PM,21.2,89.6,22.0,19.4,point
2025-07-31 03:00:00 PM,22.9,85.6,24.0,20.4,point
2025-07-31 03:30:00 PM,22.7,85.2,23.7,20.1,point
2025-07-31 04:00:00 PM,22.5,85.8,23.5,20.0,point
2025-07-31 04:30:00 PM,22.5,85.8,23.5,20.0,point
2025-07-31 05:00:00 PM,22.5,85.8,23.4,20.0,point
2025-07-31 05:30:00 PM,22.6,85.5,23.5,20.0,point
2025-07-31 06:00:00 PM,22.4,85.6,23.3,19.9,point
2025-07-31 06:30:00 PM,22.6,85.7,23.5,20.0,point
2025-07-31 07:00:00 PM,22.5,85.3,23.5,19.9,point
2025-07-31 07:30:00 PM,22.8,85.8,23.9,20.3,point
2025-07-31 08:00:00 PM,22.4,85.2,23.4,19.8,point
2025-07-31 08:30:00 PM,22.7,85.4,23.7,20.1,point
2025-07-31 09:00:00 PM,16.7,73.6,16.2,12.0,point
2025-07-31 09:30:00 PM,10.3,68.6,9.8,4.8,point
2025-07-31 10:00:00 PM,7.6,79.1,7.4,4.2,point
2025-07-31 10:30:00 PM,6.7,83.4,6.6,4.1,point
2025-07-31 11:00:00 PM,6.4,85.5,6.3,4.1,point
2025-07-31 11:30:00 PM,6.3,86.9,6.3,4.3,point
2025-08-01 12:00:00 AM,6.0,87.2,6.0,4.0,point
2025-08-01 12:30:00 AM,5.8,87.4,5.7,3.9,point
2025-08-01 01:00:00 AM,5.8,87.4,5.8,3.9,point
2025-08-01 01:30:00 AM,6.0,88.5,5.9,4.2,point
2025-08-01 02:00:00 AM,5.9,88.0,5.8,4.0,point
2025-08-01 02:30:00 AM,5.8,87.8,5.7,3.9,point
2025-08-01 03:00:00 AM,6.0,89.0,5.9,4.3,point
2025-08-01 03:30:00 AM,5.8,88.4,5.7,4.0,point
2025-08-01 04:00:00 AM,5.8,88.5,5.7,4.0,point
2025-08-01 04:30:00 AM,5.8,88.7,5.7,4.0,point
2025-08-01 05:00:00 AM,5.8,89.0,5.7,4.1,point
2025-08-01 05:30:00 AM,5.8,89.0,5.7,4.1,point
2025-08-01 06:00:00 AM,5.8,89.0,5.8,4.1,point
2025-08-01 06:30:00 AM,5.9,89.3,5.8,4.2,point
2025-08-01 07:00:00 AM,5.8,89.5,5.8,4.2,point
2025-08-01 07:30:00 AM,5.8,89.5,5.8,4.3,point
2025-08-01 08:00:00 AM,10.1,98.9,10.5,9.9,point
2025-08-01 08:30:00 AM,17.2,100.0,18.0,17.2,point
2025-08-01 09:00:00 AM,21.5,93.3,22.5,20.4,point
2025-08-01 09:30:00 AM,22.1,88.0,23.1,20.0,point
2025-08-01 10:00:00 AM,22.1,87.7,23.1,20.0,point
2025-08-01 10:30:00 AM,22.3,87.2,23.2,20.1,point
2025-08-01 11:00:00 AM,22.5,87.9,23.5,20.4,point
2025-08-01 11:30:00 AM,22.3,87.0,23.4,20.1,point
2025-08-01 12:00:00 PM,22.5,87.5,23.7,20.3,point
2025-08-01 12:30:00 PM,22.4,87.2,23.4,20.1,point
2025-08-01 01:00:00 PM,22.6,87.4,23.8,20.4,point
2025-08-01 01:30:00 PM,22.3,87.3,23.4,20.1,point
2025-08-01 02:00:00 PM,22.4,86.7,23.5,20.1,point
2025-08-01 02:30:00 PM,22.4,87.2,23.5,20.2,point
2025-08-01 03:00:00 PM,22.5,86.8,23.6,20.2,point
2025-08-01 03:30:00 PM,22.6,86.6,23.6,20.2,point
2025-08-01 04:00:00 PM,22.3,85.9,23.3,19.8,point
2025-08-01 04:30:00 PM,22.2,87.5,23.3,20.1,point
2025-08-01 05:00:00 PM,21.9,87.4,22.7,19.7,point
2025-08-01 05:30:00 PM,21.8,87.6,22.6,19.6,point
2025-08-01 06:00:00 PM,21.6,88.0,22.4,19.5,point
2025-08-01 06:30:00 PM,21.5,88.2,22.2,19.4,point
2025-08-01 07:00:00 PM,21.6,88.0,22.5,19.5,point
2025-08-01 07:30:00 PM,21.4,88.0,22.2,19.3,point
2025-08-01 08:00:00 PM,21.5,88.1,22.2,19.4,point
2025-08-01 08:30:00 PM,21.7,88.0,22.5,19.6,point
2025-08-01 09:00:00 PM,16.5,77.4,16.1,12.5,point
2025-08-01 09:30:00 PM,9.1,71.6,8.8,4.2,point
2025-08-01 10:00:00 PM,7.0,82.0,6.8,4.1,point
2025-08-01 10:30:00 PM,6.4,85.0,6.4,4.1,point
2025-08-01 11:00:00 PM,6.0,86.8,6.0,4.0,point
2025-08-01 11:30:00 PM,5.9,88.1,5.9,4.1,point
2025-08-02 12:00:00 AM,5.7,88.1,5.7,3.9,point
2025-08-02 12:30:00 AM,5.7,89.0,5.7,4.0,point
2025-08-02 01:00:00 AM,5.6,88.7,5.5,3.9,point
2025-08-02 01:30:00 AM,5.6,90.0,5.6,4.1,point
2025-08-02 02:00:00 AM,5.7,90.1,5.7,4.2,point
2025-08-02 02:30:00 AM,5.6,89.5,5.5,4.0,point
2025-08-02 03:00:00 AM,5.4,89.4,5.4,3.8,point
2025-08-02 03:30:00 AM,5.6,89.8,5.5,4.0,point
2025-08-02 04:00:00 AM,5.6,89.0,5.5,3.9,point
2025-08-02 04:30:00 AM,5.6,89.9,5.6,4.1,point
2025-08-02 05:00:00 AM,5.5,89.7,5.5,4.0,point
2025-08-02 05:30:00 AM,5.6,90.3,5.6,4.1,point
2025-08-02 06:00:00 AM,5.6,89.7,5.5,4.0,point
2025-08-02 06:30:00 AM,5.5,90.1,5.5,4.0,point
2025-08-02 07:00:00 AM,5.7,90.4,5.7,4.2,point
2025-08-02 07:30:00 AM,5.5,89.6,5.5,4.0,point
2025-08-02 08:00:00 AM,10.2,99.9,10.5,10.1,point
2025-08-02 08:30:00 AM,17.4,100.0,18.2,17.4,point
2025-08-02 09:00:00 AM,20.7,100.0,21.8,20.7,point
2025-08-02 09:30:00 AM,21.4,90.0,22.2,19.6,point
2025-08-02 10:00:00 AM,21.7,88.8,22.5,19.8,point
2025-08-02 10:30:00 AM,21.9,88.4,22.9,19.9,point
2025-08-02 11:00:00 AM,22.0,88.1,22.9,19.9,point
2025-08-02 11:30:00 AM,22.0,88.3,23.0,20.0,point
2025-08-02 12:00:00 PM,21.9,87.7,22.9,19.8,point
2025-08-02 12:30:00 PM,21.9,88.0,22.9,19.9,point
2025-08-02 01:00:00 PM,22.0,87.8,22.9,19.9,point
2025-08-02 01:30:00 PM,21.9,87.6,22.9,19.8,point
2025-08-02 02:00:00 PM,22.0,87.3,22.9,19.8,point
2025-08-02 02:30:00 PM,22.2,87.3,23.3,20.0,point
2025-08-02 03:00:00 PM,22.1,87.1,23.0,19.8,point
2025-08-02 03:30:00 PM,22.3,86.8,23.4,20.0,point
2025-08-02 04:00:00 PM,22.1,87.0,23.1,19.8,point
2025-08-02 04:30:00 PM,22.1,87.3,23.0,19.9,point
2025-08-02 05:00:00 PM,21.9,86.8,22.7,19.6,point
2025-08-02 05:30:00 PM,22.1,86.7,23.1,19.8,point
2025-08-02 06:00:00 PM,22.0,86.1,22.8,19.5,point
2025-08-02 06:30:00 PM,22.1,86.1,23.0,19.7,point
2025-08-02 07:00:00 PM,22.2,85.5,23.1,19.7,point
2025-08-02 07:30:00 PM,22.1,85.2,22.9,19.5,point
2025-08-02 08:00:00 PM,22.1,85.2,22.9,19.5,point
2025-08-02 08:30:00 PM,22.2,84.5,23.1,19.5,point
2025-08-02 09:00:00 PM,16.0,75.6,15.6,11.7,point
2025-08-02 09:30:00 PM,9.3,70.5,8.9,4.2,point
2025-08-02 10:00:00 PM,6.8,80.6,6.6,3.7,point
2025-08-02 10:30:00 PM,6.4,84.2,6.3,3.9,point
2025-08-02 11:00:00 PM,6.0,85.6,5.9,3.7,point
2025-08-02 11:30:00 PM,5.8,86.5,5.8,3.7,point
2025-08-03 12:00:00 AM,5.8,86.9,5.7,3.8,point
2025-08-03 12:30:00 AM,5.7,87.5,5.7,3.8,point
2025-08-03 01:00:00 AM,5.8,88.0,5.7,3.9,point
2025-08-03 01:30:00 AM,5.8,88.0,5.8,4.0,point
2025-08-03 02:00:00 AM,5.7,87.4,5.6,3.7,point
2025-08-03 02:30:00 AM,5.7,87.9,5.6,3.8,point
2025-08-03 03:00:00 AM,5.8,88.0,5.7,3.9,point
2025-08-03 03:30:00 AM,5.6,88.2,5.5,3.8,point
2025-08-03 04:00:00 AM,5.7,87.9,5.6,3.8,point
2025-08-03 04:30:00 AM,5.8,88.3,5.7,4.0,point
2025-08-03 05:00:00 AM,5.7,87.8,5.6,3.8,point
2025-08-03 05:30:00 AM,5.6,87.8,5.6,3.8,point
2025-08-03 06:00:00 AM,5.7,88.8,5.7,4.0,point
2025-08-03 06:30:00 AM,5.7,88.5,5.6,3.9,point
2025-08-03 07:00:00 AM,5.7,89.4,5.7,4.1,point
2025-08-03 07:30:00 AM,5.6,88.8,5.6,3.9,point
2025-08-03 08:00:00 AM,10.1,98.8,10.5,10.0,point
2025-08-03 08:30:00 AM,17.2,100.0,17.9,17.2,point
2025-08-03 09:00:00 AM,20.9,89.7,21.5,19.1,point
2025-08-03 09:30:00 AM,21.7,85.7,22.4,19.2,point
2025-08-03 10:00:00 AM,21.9,85.4,22.6,19.3,point
2025-08-03 10:30:00 AM,22.0,85.5,22.9,19.5,point
2025-08-03 11:00:00 AM,22.0,85.5,22.9,19.5,point
2025-08-03 11:30:00 AM,22.1,85.3,23.0,19.5,point
2025-08-03 12:00:00 PM,22.1,84.9,23.0,19.5,point
2025-08-03 12:30:00 PM,21.9,84.8,22.8,19.3,point
2025-08-03 01:00:00 PM,22.4,84.6,23.4,19.7,point
2025-08-03 01:30:00 PM,22.3,84.0,23.1,19.4,point
2025-08-03 02:00:00 PM,22.1,83.7,22.9,19.2,point
2025-08-03 02:30:00 PM,22.1,83.3,23.0,19.1,point
2025-08-03 03:00:00 PM,22.0,82.7,22.7,18.9,point
2025-08-03 03:30:00 PM,22.1,82.1,22.8,18.9,point
2025-08-03 04:00:00 PM,22.1,81.6,22.9,18.8,point
2025-08-03 04:30:00 PM,21.9,80.5,22.5,18.4,point
2025-08-03 05:00:00 PM,22.3,79.8,23.0,18.6,point
2025-08-03 05:30:00 PM,22.1,79.2,22.7,18.3,point
2025-08-03 06:00:00 PM,21.9,78.2,22.5,18.0,point
2025-08-03 06:30:00 PM,21.9,77.6,22.5,17.8,point
2025-08-03 07:00:00 PM,21.9,77.0,22.4,17.7,point
2025-08-03 07:30:00 PM,22.0,76.9,22.5,17.7,point
2025-08-03 08:00:00 PM,21.9,76.8,22.4,17.6,point
2025-08-03 08:30:00 PM,21.8,75.8,22.4,17.4,point
2025-08-03 09:00:00 PM,16.4,73.3,15.8,11.6,point
2025-08-03 09:30:00 PM,9.3,68.8,8.8,3.9,point
2025-08-03 10:00:00 PM,6.9,79.3,6.8,3.6,point
2025-08-03 10:30:00 PM,6.2,83.0,6.2,3.5,point
2025-08-03 11:00:00 PM,5.8,84.7,5.8,3.4,point
2025-08-03 11:30:00 PM,5.8,86.1,5.7,3.6,point
2025-08-04 12:00:00 AM,5.8,86.7,5.7,3.7,point
2025-08-04 12:30:00 AM,5.7,86.8,5.7,3.7,point
2025-08-04 01:00:00 AM,5.8,87.4,5.7,3.9,point
2025-08-04 01:30:00 AM,5.8,87.4,5.8,3.9,point
2025-08-04 02:00:00 AM,5.7,87.0,5.7,3.7,point
2025-08-04 02:30:00 AM,5.7,88.2,5.7,3.9,point
2025-08-04 03:00:00 AM,5.7,87.9,5.6,3.8,point
2025-08-04 03:30:00 AM,5.7,88.3,5.7,3.9,point
2025-08-04 04:00:00 AM,5.8,88.1,5.7,4.0,point
2025-08-04 04:30:00 AM,5.8,87.6,5.7,3.9,point
2025-08-04 05:00:00 AM,5.8,88.2,5.8,4.0,point
2025-08-04 05:30:00 AM,5.7,87.0,5.7,3.7,point
2025-08-04 06:00:00 AM,6.0,88.3,5.9,4.2,point
2025-08-04 06:30:00 AM,6.0,88.4,5.9,4.2,point
2025-08-04 07:00:00 AM,6.0,88.3,6.0,4.2,point
2025-08-04 07:30:00 AM,5.9,88.0,5.9,4.1,point
2025-08-04 08:00:00 AM,10.1,98.8,10.5,9.9,point
2025-08-04 08:30:00 AM,16.9,100.0,17.6,16.9,point
2025-08-04 09:00:00 AM,20.6,92.9,21.4,19.5,point
2025-08-04 09:30:00 AM,21.4,87.2,22.1,19.1,point
2025-08-04 10:00:00 AM,21.8,86.4,22.6,19.4,point
2025-08-04 10:30:00 AM,21.8,86.3,22.7,19.4,point
2025-08-04 11:00:00 AM,21.9,85.5,22.8,19.4,point
2025-08-04 11:30:00 AM,21.9,85.5,22.8,19.4,point
2025-08-04 12:00:00 PM,22.1,85.7,22.9,19.6,point
2025-08-04 12:30:00 PM,22.0,85.5,22.9,19.5,point
2025-08-04 01:00:00 PM,21.9,85.0,22.6,19.2,point
2025-08-04 01:30:00 PM,22.2,84.7,23.1,19.5,point
2025-08-04 02:00:00 PM,22.4,84.5,23.3,19.6,point
2025-08-04 02:30:00 PM,22.4,84.1,23.3,19.5,point
2025-08-04 03:00:00 PM,22.3,83.5,23.1,19.4,point
2025-08-04 03:30:00 PM,22.1,83.0,22.9,19.0,point
2025-08-04 04:00:00 PM,22.0,82.9,22.7,18.9,point
2025-08-04 04:30:00 PM,22.0,82.6,22.9,18.9,point
2025-08-04 05:00:00 PM,22.2,81.8,23.0,18.9,point
2025-08-04 05:30:00 PM,22.0,81.8,22.6,18.7,point
2025-08-04 06:00:00 PM,22.1,81.1,22.9,18.8,point
2025-08-04 06:30:00 PM,22.2,81.3,23.0,18.9,point
2025-08-04 07:00:00 PM,22.1,80.8,22.8,18.6,point
2025-08-04 07:30:00 PM,22.0,80.5,22.7,18.5,point
2025-08-04 08:00:00 PM,22.0,80.0,22.6,18.4,point
2025-08-04 08:30:00 PM,22.0,79.6,22.7,18.3,point
2025-08-04 09:00:00 PM,16.0,73.7,15.5,11.3,point
2025-08-04 09:30:00 PM,9.2,69.4,8.7,3.9,point
2025-08-04 10:00:00 PM,6.7,80.0,6.6,3.5,point
2025-08-04 10:30:00 PM,6.4,84.6,6.3,4.0,point
2025-08-04 11:00:00 PM,5.9,81.6,5.8,3.0,point
2025-08-04 11:30:00 PM,5.8,86.4,5.8,3.8,point
2025-08-05 12:00:00 AM,5.8,88.1,5.8,4.0,point
2025-08-05 12:30:00 AM,5.7,87.9,5.7,3.9,point
2025-08-05 01:00:00 AM,5.7,88.3,5.6,3.9,point
2025-08-05 01:30:00 AM,5.6,88.8,5.6,3.9,point
2025-08-05 02:00:00 AM,5.7,88.6,5.6,3.9,point
2025-08-05 02:30:00 AM,5.6,89.0,5.6,4.0,point
2025-08-05 03:00:00 AM,5.6,88.2,5.6,3.8,point
2025-08-05 03:30:00 AM,5.8,88.6,5.7,4.0,point
2025-08-05 04:00:00 AM,5.8,89.1,5.7,4.1,point
2025-08-05 04:30:00 AM,5.7,88.9,5.7,4.0,point
2025-08-05 05:00:00 AM,5.7,88.2,5.7,3.9,point
2025-08-05 05:30:00 AM,5.9,88.8,5.8,4.2,point
2025-08-05 06:00:00 AM,5.8,88.7,5.7,4.1,point
2025-08-05 06:30:00 AM,5.8,88.7,5.7,4.0,point
2025-08-05 07:00:00 AM,5.9,89.7,5.8,4.3,point
2025-08-05 07:30:00 AM,5.9,89.5,5.9,4.3,point
2025-08-05 08:00:00 AM,10.8,98.6,11.1,10.6,point
2025-08-05 08:30:00 AM,17.0,100.0,17.7,17.0,point
2025-08-05 09:00:00 AM,22.9,92.0,24.4,21.5,point
2025-08-05 09:30:00 AM,21.7,87.9,22.5,19.6,point
2025-08-05 10:00:00 AM,21.4,87.7,22.2,19.3,point
2025-08-05 10:30:00 AM,21.4,88.1,22.2,19.4,point
2025-08-05 11:00:00 AM,21.6,88.3,22.4,19.6,point
2025-08-05 11:30:00 AM,21.4,88.2,22.2,19.4,point
2025-08-05 12:00:00 PM,21.5,87.8,22.2,19.4,point
2025-08-05 12:30:00 PM,21.7,87.7,22.6,19.6,point
2025-08-05 01:00:00 PM,21.8,87.8,22.6,19.7,point
2025-08-05 01:30:00 PM,21.8,87.5,22.6,19.6,point
2025-08-05 02:00:00 PM,21.9,87.6,22.7,19.7,point
2025-08-05 02:30:00 PM,21.4,87.7,22.2,19.3,point
2025-08-05 03:00:00 PM,20.3,87.2,20.9,18.1,point
2025-08-05 03:30:00 PM,20.7,86.2,21.3,18.3,point
2025-08-05 04:00:00 PM,25.0,79.4,26.6,21.2,point
2025-08-05 04:30:00 PM,25.2,78.7,26.9,21.2,point
2025-08-05 05:00:00 PM,25.2,77.5,26.7,21.0,point
2025-08-05 05:30:00 PM,25.1,77.3,26.5,20.9,point
2025-08-05 06:00:00 PM,25.4,77.0,26.9,21.0,point
2025-08-05 06:30:00 PM,25.2,76.8,26.5,20.8,point
2025-08-05 07:00:00 PM,25.0,76.3,26.2,20.6,point
2025-08-05 07:30:00 PM,25.0,76.3,26.0,20.5,point
2025-08-05 08:00:00 PM,25.6,75.5,27.3,20.9,point
2025-08-05 08:30:00 PM,24.6,74.8,25.4,19.9,point
2025-08-05 09:00:00 PM,16.8,71.6,16.1,11.6,point
2025-08-05 09:30:00 PM,10.5,66.4,9.9,4.5,point
2025-08-05 10:00:00 PM,7.9,78.5,7.7,4.4,point
2025-08-05 10:30:00 PM,6.8,81.4,6.6,3.8,point
2025-08-05 11:00:00 PM,6.4,83.4,6.3,3.8,point
2025-08-05 11:30:00 PM,6.1,84.1,6.1,3.7,point
2025-08-06 12:00:00 AM,6.3,84.9,6.2,3.9,point
2025-08-06 12:30:00 AM,6.2,85.9,6.1,4.0,point
2025-08-06 01:00:00 AM,6.2,85.9,6.1,4.0,point
2025-08-06 01:30:00 AM,6.1,86.8,6.1,4.1,point
2025-08-06 02:00:00 AM,6.1,86.5,6.1,4.0,point
2025-08-06 02:30:00 AM,6.1,86.5,6.0,4.0,point
2025-08-06 03:00:00 AM,6.1,86.7,6.0,4.0,point
2025-08-06 03:30:00 AM,5.9,86.9,5.9,3.9,point
2025-08-06 04:00:00 AM,6.1,87.1,6.1,4.1,point
2025-08-06 04:30:00 AM,6.2,86.7,6.1,4.1,point
2025-08-06 05:00:00 AM,6.2,86.8,6.1,4.1,point
2025-08-06 05:30:00 AM,6.2,87.2,6.2,4.3,point
2025-08-06 06:00:00 AM,6.3,87.2,6.2,4.3,point
2025-08-06 06:30:00 AM,6.3,86.5,6.2,4.2,point
2025-08-06 07:00:00 AM,6.3,87.2,6.2,4.3,point
2025-08-06 07:30:00 AM,6.4,87.6,6.3,4.5,point
2025-08-06 08:00:00 AM,10.3,98.4,10.7,10.1,point
2025-08-06 08:30:00 AM,17.2,100.0,18.0,17.2,point
2025-08-06 09:00:00 AM,22.1,91.0,23.1,20.5,point
2025-08-06 09:30:00 AM,23.6,82.8,24.7,20.4,point
2025-08-06 10:00:00 AM,24.0,81.4,25.1,20.6,point
2025-08-06 10:30:00 AM,24.4,81.3,25.7,21.0,point
2025-08-06 11:00:00 AM,24.6,80.4,25.7,21.0,point
2025-08-06 11:30:00 AM,24.8,80.3,26.0,21.1,point
2025-08-06 12:00:00 PM,25.0,80.3,26.6,21.4,point
2025-08-06 12:30:00 PM,25.0,80.1,26.6,21.3,point
2025-08-06 01:00:00 PM,25.0,80.0,26.6,21.4,point
2025-08-06 01:30:00 PM,25.3,79.8,27.2,21.6,point
2025-08-06 02:00:00 PM,25.4,79.5,27.4,21.6,point
2025-08-06 02:30:00 PM,25.1,79.2,26.8,21.3,point
2025-08-06 03:00:00 PM,25.0,78.7,26.5,21.1,point
2025-08-06 03:30:00 PM,24.9,78.2,26.0,20.8,point
2025-08-06 04:00:00 PM,25.0,77.4,26.3,20.8,point
2025-08-06 04:30:00 PM,24.9,76.9,26.1,20.6,point
2025-08-06 05:00:00 PM,25.0,76.1,26.2,20.5,point
2025-08-06 05:30:00 PM,24.8,76.1,25.8,20.3,point
2025-08-06 06:00:00 PM,25.1,75.5,26.2,20.4,point
2025-08-06 06:30:00 PM,24.7,75.5,25.7,20.1,point
2025-08-06 07:00:00 PM,24.6,74.5,25.4,19.8,point
2025-08-06 07:30:00 PM,24.7,74.5,25.6,19.9,point
2025-08-06 08:00:00 PM,24.8,74.3,25.6,19.9,point
2025-08-06 08:30:00 PM,24.5,73.8,25.3,19.6,point
2025-08-06 09:00:00 PM,16.9,71.6,16.3,11.8,point
2025-08-06 09:30:00 PM,10.7,67.1,10.1,4.9,point
2025-08-06 10:00:00 PM,7.9,77.5,7.7,4.2,point
2025-08-06 10:30:00 PM,6.8,81.0,6.6,3.8,point
2025-08-06 11:00:00 PM,6.4,83.7,6.3,3.8,point
2025-08-06 11:30:00 PM,6.3,85.1,6.2,3.9,point
2025-08-07 12:00:00 AM,6.2,84.7,6.1,3.8,point
2025-08-07 12:30:00 AM,6.1,84.9,6.1,3.8,point
2025-08-07 01:00:00 AM,6.1,85.5,6.1,3.9,point
2025-08-07 01:30:00 AM,5.9,85.4,5.9,3.7,point
2025-08-07 02:00:00 AM,6.0,86.5,6.0,4.0,point
2025-08-07 02:30:00 AM,6.0,86.5,5.9,3.9,point
2025-08-07 03:00:00 AM,5.9,86.0,5.8,3.7,point
2025-08-07 03:30:00 AM,5.9,86.4,5.9,3.8,point
2025-08-07 04:00:00 AM,6.0,86.1,5.9,3.8,point
2025-08-07 04:30:00 AM,6.0,87.3,5.9,4.0,point
2025-08-07 05:00:00 AM,6.1,87.0,6.1,4.1,point
2025-08-07 05:30:00 AM,6.2,86.6,6.1,4.1,point
2025-08-07 06:00:00 AM,6.1,86.8,6.1,4.1,point
2025-08-07 06:30:00 AM,6.1,87.2,6.1,4.2,point
2025-08-07 07:00:00 AM,6.3,87.2,6.2,4.3,point
2025-08-07 07:30:00 AM,6.2,87.1,6.2,4.3,point
2025-08-07 08:00:00 AM,10.1,98.4,10.5,9.9,point
2025-08-07 08:30:00 AM,17.1,100.0,17.9,17.1,point
2025-08-07 09:00:00 AM,21.9,91.1,22.9,20.4,point
2025-08-07 09:30:00 AM,23.2,82.4,24.2,20.0,point
2025-08-07 10:00:00 AM,23.6,80.6,24.6,20.0,point
2025-08-07 10:30:00 AM,24.1,79.9,25.2,20.4,point
2025-08-07 11:00:00 AM,24.3,80.3,25.5,20.7,point
2025-08-07 11:30:00 AM,24.6,79.9,25.8,20.9,point
2025-08-07 12:00:00 PM,24.7,79.6,25.8,20.9,point
2025-08-07 12:30:00 PM,24.9,79.1,26.3,21.0,point
2025-08-07 01:00:00 PM,25.3,78.3,26.8,21.2,point
2025-08-07 01:30:00 PM,25.2,78.1,26.6,21.1,point
2025-08-07 02:00:00 PM,20.6,84.3,21.0,17.8,point
2025-08-07 02:30:00 PM,20.8,84.6,21.4,18.1,point
2025-08-07 03:00:00 PM,20.8,80.1,21.3,17.3,point
2025-08-07 03:30:00 PM,21.4,81.5,21.9,18.1,point
2025-08-07 04:00:00 PM,21.3,81.3,21.8,18.0,point
2025-08-07 04:30:00 PM,20.9,80.7,21.3,17.4,point
2025-08-07 05:00:00 PM,20.6,80.1,21.0,17.1,point
2025-08-07 05:30:00 PM,20.8,80.0,21.1,17.2,point
2025-08-07 06:00:00 PM,20.3,79.5,20.6,16.6,point
2025-08-07 06:30:00 PM,20.6,78.9,21.0,16.8,point
2025-08-07 07:00:00 PM,20.4,78.8,20.7,16.6,point
2025-08-07 07:30:00 PM,20.5,78.7,20.8,16.7,point
2025-08-07 08:00:00 PM,20.2,78.2,20.4,16.3,point
2025-08-07 08:30:00 PM,20.4,78.0,20.6,16.4,point
2025-08-07 09:00:00 PM,15.2,76.1,14.7,11.0,point
2025-08-07 09:30:00 PM,9.4,69.9,9.0,4.2,point
2025-08-07 10:00:00 PM,6.7,80.2,6.5,3.5,point
2025-08-07 10:30:00 PM,6.1,84.9,6.1,3.8,point
2025-08-07 11:00:00 PM,5.8,86.6,5.7,3.7,point
2025-08-07 11:30:00 PM,5.5,87.9,5.5,3.7,point
2025-08-08 12:00:00 AM,5.5,88.5,5.5,3.8,point
2025-08-08 12:30:00 AM,5.4,89.1,5.4,3.8,point
2025-08-08 01:00:00 AM,5.5,89.1,5.4,3.8,point
2025-08-08 01:30:00 AM,5.5,89.8,5.5,4.0,point
2025-08-08 02:00:00 AM,5.5,89.5,5.5,3.9,point
2025-08-08 02:30:00 AM,5.4,90.0,5.5,3.9,point
2025-08-08 03:00:00 AM,5.5,90.3,5.5,4.0,point
2025-08-08 03:30:00 AM,5.5,90.0,5.6,4.0,point
2025-08-08 04:00:00 AM,5.5,90.1,5.5,4.0,point
2025-08-08 04:30:00 AM,5.3,90.2,5.4,3.9,point
2025-08-08 05:00:00 AM,5.4,90.1,5.5,3.9,point
2025-08-08 05:30:00 AM,5.5,90.3,5.5,4.0,point
2025-08-08 06:00:00 AM,5.3,89.5,5.3,3.7,point
2025-08-08 06:30:00 AM,5.5,90.4,5.6,4.1,point
2025-08-08 07:00:00 AM,5.5,91.3,5.6,4.2,point
2025-08-08 07:30:00 AM,5.6,90.8,5.7,4.2,point
2025-08-08 08:00:00 AM,10.4,99.3,10.7,10.2,point
2025-08-08 08:30:00 AM,17.3,100.0,18.0,17.3,point
2025-08-08 09:00:00 AM,20.9,91.8,21.7,19.5,point
2025-08-08 09:30:00 AM,20.8,88.1,21.5,18.8,point
2025-08-08 10:00:00 AM,20.9,88.6,21.5,18.9,point
2025-08-08 10:30:00 AM,20.5,89.3,21.2,18.7,point
2025-08-08 11:00:00 AM,20.5,90.0,21.3,18.9,point
2025-08-08 11:30:00 AM,20.4,89.7,21.0,18.7,point
2025-08-08 12:00:00 PM,20.5,90.4,21.3,18.9,point
2025-08-08 12:30:00 PM,20.4,90.1,21.1,18.7,point
2025-08-08 01:00:00 PM,20.5,90.4,21.3,18.9,point
2025-08-08 01:30:00 PM,20.4,89.8,21.0,18.7,point
2025-08-08 02:00:00 PM,20.5,90.0,21.3,18.8,point
2025-08-08 02:30:00 PM,20.5,89.7,21.2,18.8,point
2025-08-08 03:00:00 PM,20.3,88.7,20.9,18.4,point
2025-08-08 03:30:00 PM,20.3,89.0,20.9,18.5,point
2025-08-08 04:00:00 PM,20.5,88.6,21.2,18.6,point
2025-08-08 04:30:00 PM,20.5,87.9,21.1,18.4,point
2025-08-08 05:00:00 PM,21.3,86.7,22.1,19.0,point
2025-08-08 05:30:00 PM,20.5,87.6,21.0,18.4,point
2025-08-08 06:00:00 PM,29.9,85.8,39.3,27.2,point
2025-08-08 06:30:00 PM,29.7,86.7,38.9,27.2,point
2025-08-08 07:00:00 PM,29.4,88.1,38.6,27.2,point
2025-08-08 07:30:00 PM,29.4,88.7,38.7,27.4,point
2025-08-08 08:00:00 PM,29.5,88.4,39.0,27.4,point
2025-08-08 08:30:00 PM,29.4,87.1,38.3,27.1,point
2025-08-08 09:00:00 PM,24.8,81.6,26.3,21.4,point
2025-08-08 09:30:00 PM,18.2,76.0,17.7,13.9,point
2025-08-08 10:00:00 PM,16.0,86.4,16.1,13.7,point
2025-08-08 10:30:00 PM,15.6,89.8,15.8,14.0,point
2025-08-08 11:00:00 PM,15.5,91.6,15.8,14.2,point
2025-08-08 11:30:00 PM,15.4,92.6,15.7,14.2,point
2025-08-09 12:00:00 AM,15.3,92.8,15.7,14.2,point
2025-08-09 12:30:00 AM,15.2,93.1,15.6,14.1,point
2025-08-09 01:00:00 AM,15.2,93.7,15.5,14.2,point
2025-08-09 01:30:00 AM,15.3,94.0,15.6,14.3,point
2025-08-09 02:00:00 AM,15.2,94.0,15.6,14.3,point
2025-08-09 02:30:00 AM,15.2,94.1,15.5,14.2,point
2025-08-09 03:00:00 AM,15.2,94.4,15.5,14.3,point
2025-08-09 03:30:00 AM,15.3,94.6,15.6,14.4,point
2025-08-09 04:00:00 AM,15.3,94.5,15.6,14.4,point
2025-08-09 04:30:00 AM,15.1,94.7,15.4,14.2,point
2025-08-09 05:00:00 AM,15.1,94.8,15.5,14.3,point
2025-08-09 05:30:00 AM,15.2,95.0,15.5,14.4,point
2025-08-09 06:00:00 AM,15.2,94.8,15.5,14.3,point
2025-08-09 06:30:00 AM,15.1,94.6,15.5,14.2,point
2025-08-09 07:00:00 AM,15.3,94.7,15.8,14.5,point
2025-08-09 07:30:00 AM,15.3,94.8,15.6,14.5,point
2025-08-09 08:00:00 AM,19.9,100.0,20.8,19.9,point
2025-08-09 08:30:00 AM,26.5,99.8,32.2,26.5,point
2025-08-09 09:00:00 AM,29.6,84.5,38.0,26.7,point
2025-08-09 09:30:00 AM,29.7,83.5,38.1,26.6,point
2025-08-09 10:00:00 AM,29.8,83.7,38.7,26.8,point
2025-08-09 10:30:00 AM,29.6,83.4,38.1,26.5,point
2025-08-09 11:00:00 AM,29.9,83.1,38.9,26.7,point
2025-08-09 11:30:00 AM,29.9,82.3,38.7,26.6,point
2025-08-09 12:00:00 PM,30.1,81.5,38.8,26.5,point
2025-08-09 12:30:00 PM,29.9,80.4,38.2,26.2,point
2025-08-09 01:00:00 PM,33.0,75.4,46.1,28.0,point
2025-08-09 01:30:00 PM,32.6,74.2,44.6,27.4,point
2025-08-09 02:00:00 PM,32.8,73.8,45.1,27.5,point
2025-08-09 02:30:00 PM,33.1,73.1,45.5,27.6,point
2025-08-09 03:00:00 PM,32.8,72.8,44.5,27.2,point
2025-08-09 03:30:00 PM,32.6,72.2,43.9,27.0,point
2025-08-09 04:00:00 PM,32.6,71.9,43.8,26.9,point
2025-08-09 04:30:00 PM,33.1,71.7,44.9,27.2,point
2025-08-09 05:00:00 PM,32.9,71.0,44.1,26.9,point
2025-08-09 05:30:00 PM,32.9,70.4,43.9,26.8,point
2025-08-09 06:00:00 PM,32.6,70.0,42.8,26.4,point
2025-08-09 06:30:00 PM,33.0,69.9,44.3,26.8,point
2025-08-09 07:00:00 PM,33.0,69.4,43.8,26.6,point
2025-08-09 07:30:00 PM,32.8,69.0,43.5,26.4,point
2025-08-09 08:00:00 PM,32.8,68.8,43.4,26.3,point
2025-08-09 08:30:00 PM,32.8,68.4,42.9,26.2,point
2025-08-09 09:00:00 PM,27.9,70.4,30.8,22.0,point
2025-08-09 09:30:00 PM,20.8,72.7,20.9,15.7,point
2025-08-09 10:00:00 PM,18.7,84.3,18.8,16.0,point
2025-08-09 10:30:00 PM,18.5,87.7,18.7,16.4,point
2025-08-09 11:00:00 PM,18.2,87.4,18.3,16.1,point
2025-08-09 11:30:00 PM,18.1,86.2,18.1,15.8,point
2025-08-10 12:00:00 AM,18.1,85.6,18.0,15.6,point
2025-08-10 12:30:00 AM,17.9,85.1,17.9,15.4,point
2025-08-10 01:00:00 AM,17.9,84.9,17.8,15.3,point
2025-08-10 01:30:00 AM,18.1,84.9,18.0,15.5,point
2025-08-10 02:00:00 AM,17.9,84.7,17.8,15.2,point
2025-08-10 02:30:00 AM,18.0,85.4,18.0,15.5,point
2025-08-10 03:00:00 AM,18.0,85.5,17.9,15.5,point
2025-08-10 03:30:00 AM,18.0,85.6,17.9,15.5,point
2025-08-10 04:00:00 AM,18.0,85.5,17.9,15.5,point
2025-08-10 04:30:00 AM,17.9,85.3,17.8,15.4,point
2025-08-10 05:00:00 AM,18.0,85.5,17.9,15.5,point
2025-08-10 05:30:00 AM,18.0,85.8,17.9,15.5,point
2025-08-10 06:00:00 AM,17.7,85.5,17.7,15.3,point
2025-08-10 06:30:00 AM,17.8,85.6,17.7,15.3,point
2025-08-10 07:00:00 AM,17.9,86.1,17.9,15.6,point
2025-08-10 07:30:00 AM,17.9,86.2,17.8,15.6,point
2025-08-10 08:00:00 AM,22.6,85.0,23.7,19.9,point
2025-08-10 08:30:00 AM,28.8,73.9,33.7,23.7,point
2025-08-10 09:00:00 AM,33.3,64.6,43.3,25.8,point
2025-08-10 09:30:00 AM,33.3,65.5,43.3,25.9,point
2025-08-10 10:00:00 AM,33.1,66.8,43.6,26.1,point
2025-08-10 10:30:00 AM,32.9,67.6,43.2,26.1,point
2025-08-10 11:00:00 AM,33.0,67.9,43.3,26.2,point
2025-08-10 11:30:00 AM,32.9,67.9,43.0,26.1,point
2025-08-10 12:00:00 PM,32.8,67.8,42.9,26.1,point
2025-08-10 12:30:00 PM,32.4,67.5,41.8,25.6,point
2025-08-10 01:00:00 PM,32.6,67.4,42.3,25.8,point
2025-08-10 01:30:00 PM,32.6,67.4,42.0,25.8,point
2025-08-10 02:00:00 PM,32.5,67.2,41.9,25.6,point
2025-08-10 02:30:00 PM,32.6,67.1,41.9,25.7,point
2025-08-10 03:00:00 PM,32.5,67.0,41.8,25.6,point
2025-08-10 03:30:00 PM,32.6,67.0,42.1,25.7,point
2025-08-10 04:00:00 PM,32.6,66.8,42.1,25.7,point
2025-08-10 04:30:00 PM,32.6,66.7,41.7,25.6,point
2025-08-10 05:00:00 PM,32.7,66.5,42.0,25.6,point
2025-08-10 05:30:00 PM,32.9,66.5,42.8,25.8,point
2025-08-10 06:00:00 PM,32.6,66.2,41.6,25.4,point
2025-08-10 06:30:00 PM,32.6,66.0,41.5,25.4,point
2025-08-10 07:00:00 PM,32.9,65.8,42.6,25.7,point
2025-08-10 07:30:00 PM,32.6,65.5,41.6,25.3,point
2025-08-10 08:00:00 PM,32.6,65.3,41.5,25.2,point
2025-08-10 08:30:00 PM,32.6,65.2,41.2,25.2,point
2025-08-10 09:00:00 PM,27.6,67.2,29.9,21.0,point
2025-08-10 09:30:00 PM,20.6,70.9,20.6,15.2,point
2025-08-10 10:00:00 PM,18.8,83.6,18.8,15.9,point
2025-08-10 10:30:00 PM,18.4,85.7,18.4,15.9,point
2025-08-10 11:00:00 PM,18.3,85.6,18.2,15.8,point
2025-08-10 11:30:00 PM,18.1,84.5,18.0,15.4,point
2025-08-11 12:00:00 AM,18.1,84.2,18.1,15.4,point
2025-08-11 12:30:00 AM,18.1,84.0,18.1,15.3,point
2025-08-11 01:00:00 AM,17.9,84.1,17.9,15.2,point
2025-08-11 01:30:00 AM,18.0,84.5,18.0,15.4,point
2025-08-11 02:00:00 AM,17.9,84.6,17.9,15.3,point
2025-08-11 02:30:00 AM,18.0,84.6,17.9,15.3,point
2025-08-11 03:00:00 AM,17.8,84.5,17.8,15.2,point
2025-08-11 03:30:00 AM,18.1,84.8,18.0,15.5,point
2025-08-11 04:00:00 AM,17.8,84.6,17.7,15.1,point
2025-08-11 04:30:00 AM,17.9,84.8,17.9,15.3,point
2025-08-11 05:00:00 AM,17.8,84.7,17.7,15.2,point
2025-08-11 05:30:00 AM,17.8,85.2,17.7,15.3,point
2025-08-11 06:00:00 AM,17.9,85.4,17.8,15.4,point
2025-08-11 06:30:00 AM,17.9,85.3,17.8,15.4,point
2025-08-11 07:00:00 AM,17.9,85.6,17.8,15.4,point
2025-08-11 07:30:00 AM,17.7,86.0,17.7,15.4,point
2025-08-11 08:00:00 AM,22.6,85.3,23.5,20.0,point
2025-08-11 08:30:00 AM,28.8,73.1,33.4,23.4,point
2025-08-11 09:00:00 AM,33.5,64.0,43.3,25.7,point
2025-08-11 09:30:00 AM,33.0,65.2,42.3,25.5,point
2025-08-11 10:00:00 AM,32.5,66.1,41.3,25.3,point
2025-08-11 10:30:00 AM,32.6,66.8,41.7,25.6,point
2025-08-11 11:00:00 AM,32.6,67.0,41.8,25.6,point
2025-08-11 11:30:00 AM,32.6,66.8,42.0,25.7,point
2025-08-11 12:00:00 PM,32.7,66.7,42.3,25.7,point
2025-08-11 12:30:00 PM,32.6,66.5,42.0,25.5,point
2025-08-11 01:00:00 PM,32.8,66.3,42.2,25.6,point
2025-08-11 01:30:00 PM,32.4,65.9,41.2,25.2,point
2025-08-11 02:00:00 PM,32.5,65.5,41.0,25.2,point
2025-08-11 02:30:00 PM,32.6,64.8,41.4,25.2,point
2025-08-11 03:00:00 PM,32.9,64.7,41.9,25.3,point
2025-08-11 03:30:00 PM,32.6,64.4,41.2,25.0,point
2025-08-11 04:00:00 PM,32.6,64.1,41.1,24.9,point
2025-08-11 04:30:00 PM,32.7,61.2,40.2,24.2,point
2025-08-11 05:00:00 PM,31.7,64.7,38.8,24.3,point
2025-08-11 05:30:00 PM,31.5,64.5,38.2,24.0,point
2025-08-11 06:00:00 PM,31.8,64.5,39.0,24.3,point
2025-08-11 06:30:00 PM,31.7,64.2,38.4,24.1,point
2025-08-11 07:00:00 PM,31.7,64.1,38.6,24.1,point
2025-08-11 07:30:00 PM,31.6,63.9,38.1,23.9,point
2025-08-11 08:00:00 PM,31.8,63.6,38.5,24.0,point
2025-08-11 08:30:00 PM,31.9,63.4,39.0,24.1,point
2025-08-11 09:00:00 PM,27.1,65.1,28.7,19.9,point
2025-08-11 09:30:00 PM,20.6,70.7,20.5,15.1,point
2025-08-11 10:00:00 PM,18.6,82.8,18.5,15.6,point
2025-08-11 10:30:00 PM,18.3,82.9,18.2,15.3,point
2025-08-11 11:00:00 PM,18.3,83.5,18.2,15.4,point
2025-08-11 11:30:00 PM,18.2,84.3,18.2,15.6,point
2025-08-12 12:00:00 AM,18.1,84.2,18.1,15.4,point
2025-08-12 12:30:00 AM,17.9,83.7,17.8,15.1,point
2025-08-12 01:00:00 AM,18.0,83.6,17.9,15.2,point
2025-08-12 01:30:00 AM,18.1,83.5,18.1,15.3,point
2025-08-12 02:00:00 AM,17.9,82.8,17.9,14.9,point
2025-08-12 02:30:00 AM,17.9,82.5,17.8,14.8,point
2025-08-12 03:00:00 AM,18.1,82.7,18.1,15.2,point
2025-08-12 03:30:00 AM,17.9,82.2,17.8,14.9,point
2025-08-12 04:00:00 AM,18.0,82.0,17.9,14.9,point
2025-08-12 04:30:00 AM,18.0,81.8,17.8,14.8,point
2025-08-12 05:00:00 AM,18.0,82.2,17.8,14.9,point
2025-08-12 05:30:00 AM,17.9,82.4,17.8,14.9,point
2025-08-12 06:00:00 AM,17.9,83.0,17.9,15.0,point
2025-08-12 06:30:00 AM,18.0,82.8,17.9,15.0,point
2025-08-12 07:00:00 AM,18.0,83.0,18.0,15.1,point
2025-08-12 07:30:00 AM,18.0,83.6,18.0,15.2,point
2025-08-12 08:00:00 AM,22.1,82.0,22.9,18.9,point
2025-08-12 08:30:00 AM,28.0,71.3,31.3,22.4,point
2025-08-12 09:00:00 AM,32.3,62.1,39.6,24.1,point
2025-08-12 09:30:00 AM,32.5,63.1,40.3,24.5,point
2025-08-12 10:00:00 AM,32.4,63.9,40.3,24.6,point
2025-08-12 10:30:00 AM,32.5,64.8,40.8,25.0,point
2025-08-12 11:00:00 AM,32.0,65.0,39.5,24.6,point
2025-08-12 11:30:00 AM,32.3,65.3,40.7,25.0,point
2025-08-12 12:00:00 PM,32.3,65.3,40.4,24.9,point
2025-08-12 12:30:00 PM,31.8,60.2,37.7,23.2,point
2025-08-12 01:00:00 PM,31.2,58.0,35.5,21.9,point
2025-08-12 01:30:00 PM,32.6,60.6,39.9,24.0,point
2025-08-12 02:00:00 PM,32.8,61.8,40.6,24.5,point
2025-08-12 02:30:00 PM,32.7,61.9,40.7,24.4,point
2025-08-12 03:00:00 PM,32.8,62.1,40.7,24.6,point
2025-08-12 03:30:00 PM,32.9,62.2,41.0,24.7,point
2025-08-12 04:00:00 PM,32.4,61.9,39.9,24.1,point
2025-08-12 04:30:00 PM,32.8,61.7,40.6,24.5,point
2025-08-12 05:00:00 PM,32.8,61.5,40.6,24.4,point
2025-08-12 05:30:00 PM,32.8,61.4,40.5,24.3,point
2025-08-12 06:00:00 PM,32.6,61.1,40.1,24.1,point
2025-08-12 06:30:00 PM,32.7,60.8,39.9,24.1,point
2025-08-12 07:00:00 PM,32.8,60.6,40.2,24.1,point
2025-08-12 07:30:00 PM,32.7,60.1,40.1,23.9,point
2025-08-12 08:00:00 PM,32.6,60.0,39.4,23.8,point
2025-08-12 08:30:00 PM,32.7,59.6,39.9,23.8,point
2025-08-12 09:00:00 PM,27.7,62.1,29.4,19.8,point
2025-08-12 09:30:00 PM,21.9,69.0,22.3,16.0,point
2025-08-12 10:00:00 PM,19.3,79.8,19.2,15.7,point
2025-08-12 10:30:00 PM,18.6,80.7,18.4,15.2,point
2025-08-12 11:00:00 PM,18.5,81.0,18.4,15.2,point
2025-08-12 11:30:00 PM,18.2,80.8,18.1,14.9,point
2025-08-13 12:00:00 AM,18.2,80.5,17.9,14.8,point
2025-08-13 12:30:00 AM,18.1,79.9,17.9,14.6,point
2025-08-13 01:00:00 AM,18.0,79.2,17.7,14.3,point
2025-08-13 01:30:00 AM,18.0,78.9,17.7,14.2,point
2025-08-13 02:00:00 AM,18.0,78.5,17.7,14.2,point
2025-08-13 02:30:00 AM,17.9,77.9,17.6,14.0,point
2025-08-13 03:00:00 AM,17.9,78.0,17.6,14.0,point
2025-08-13 03:30:00 AM,17.9,78.0,17.6,14.1,point
2025-08-13 04:00:00 AM,18.0,78.2,17.7,14.1,point
2025-08-13 04:30:00 AM,17.9,78.3,17.5,14.1,point
2025-08-13 05:00:00 AM,17.9,78.7,17.5,14.1,point
2025-08-13 05:30:00 AM,17.9,78.7,17.6,14.2,point
2025-08-13 06:00:00 AM,18.0,78.8,17.6,14.2,point
2025-08-13 06:30:00 AM,17.9,78.7,17.5,14.1,point
2025-08-13 07:00:00 AM,17.9,78.8,17.6,14.1,point
2025-08-13 07:30:00 AM,18.1,79.4,17.8,14.5,point
2025-08-13 08:00:00 AM,22.0,78.2,22.5,18.0,point
2025-08-13 08:30:00 AM,27.5,68.5,30.0,21.2,point
2025-08-13 09:00:00 AM,32.3,59.4,38.5,23.4,point
2025-08-13 09:30:00 AM,32.3,62.0,39.6,24.1,point
2025-08-13 10:00:00 AM,32.7,63.5,41.2,24.9,point
2025-08-13 10:30:00 AM,32.9,63.9,41.9,25.2,point
2025-08-13 11:00:00 AM,32.6,63.9,41.1,24.9,point
2025-08-13 11:30:00 AM,33.0,63.9,41.9,25.2,point
2025-08-13 12:00:00 PM,32.6,64.6,41.3,25.1,point
2025-08-13 12:30:00 PM,32.8,65.4,41.9,25.4,point
2025-08-13 01:00:00 PM,32.8,65.3,42.1,25.5,point
2025-08-13 01:30:00 PM,33.1,64.3,42.3,25.4,point
2025-08-13 02:00:00 PM,32.7,63.5,41.2,24.9,point
2025-08-13 02:30:00 PM,32.8,63.1,41.4,24.9,point
2025-08-13 03:00:00 PM,32.9,62.6,41.4,24.9,point
2025-08-13 03:30:00 PM,32.8,62.3,41.0,24.6,point
2025-08-13 04:00:00 PM,33.0,62.3,41.6,24.8,point
2025-08-13 04:30:00 PM,33.1,62.2,41.8,24.9,point
2025-08-13 05:00:00 PM,32.8,61.8,40.9,24.5,point
2025-08-13 05:30:00 PM,33.1,61.7,41.3,24.7,point
2025-08-13 06:00:00 PM,33.0,61.4,41.2,24.6,point
2025-08-13 06:30:00 PM,33.2,61.4,41.8,24.8,point
2025-08-13 07:00:00 PM,32.8,61.0,40.4,24.2,point
2025-08-13 07:30:00 PM,32.8,60.8,40.5,24.2,point
2025-08-13 08:00:00 PM,32.7,60.7,40.2,24.1,point
2025-08-13 08:30:00 PM,33.0,61.0,41.1,24.5,point
2025-08-13 09:00:00 PM,28.0,63.7,30.0,20.4,point
2025-08-13 09:30:00 PM,21.9,69.1,22.2,15.9,point
2025-08-13 10:00:00 PM,19.2,81.3,19.3,15.9,point
2025-08-13 10:30:00 PM,18.6,83.5,18.6,15.8,point
2025-08-13 11:00:00 PM,18.5,83.7,18.4,15.7,point
2025-08-13 11:30:00 PM,18.2,83.3,18.2,15.3,point
2025-08-14 12:00:00 AM,18.2,83.0,18.2,15.3,point
2025-08-14 12:30:00 AM,18.1,82.6,18.0,15.1,point
2025-08-14 01:00:00 AM,18.1,82.7,18.1,15.2,point
2025-08-14 01:30:00 AM,18.0,82.2,17.8,14.9,point
2025-08-14 02:00:00 AM,18.0,81.9,17.9,14.9,point
2025-08-14 02:30:00 AM,18.0,81.8,17.8,14.8,point
2025-08-14 03:00:00 AM,18.0,81.6,17.8,14.8,point
2025-08-14 03:30:00 AM,18.0,81.5,17.9,14.8,point
2025-08-14 04:00:00 AM,18.0,81.5,17.9,14.8,point
2025-08-14 04:30:00 AM,18.0,81.4,17.9,14.8,point
2025-08-14 05:00:00 AM,18.1,81.7,17.9,14.9,point
2025-08-14 05:30:00 AM,18.1,82.5,18.1,15.1,point
2025-08-14 06:00:00 AM,18.0,82.3,17.9,15.0,point
2025-08-14 06:30:00 AM,18.0,82.4,17.9,15.0,point
2025-08-14 07:00:00 AM,18.0,83.0,18.0,15.1,point
2025-08-14 07:30:00 AM,18.1,83.4,18.0,15.2,point
2025-08-14 08:00:00 AM,22.0,83.5,22.9,19.1,point
2025-08-14 08:30:00 AM,27.7,73.0,30.7,22.4,point
2025-08-14 09:00:00 AM,32.4,61.9,39.6,24.1,point
2025-08-14 09:30:00 AM,32.8,62.3,41.0,24.7,point
2025-08-14 10:00:00 AM,32.8,62.9,41.0,24.8,point
2025-08-14 10:30:00 AM,33.1,63.3,41.9,25.1,point
2025-08-14 11:00:00 AM,32.9,63.4,41.4,25.0,point
2025-08-14 11:30:00 AM,33.0,63.3,41.6,25.1,point
2025-08-14 12:00:00 PM,32.9,63.4,41.7,25.1,point
2025-08-14 12:30:00 PM,32.8,63.1,41.1,24.8,point
2025-08-14 01:00:00 PM,32.7,62.6,40.6,24.6,point
2025-08-14 01:30:00 PM,32.6,60.1,39.5,23.8,point
2025-08-14 02:00:00 PM,32.2,58.5,38.1,23.0,point
2025-08-14 02:30:00 PM,32.5,58.0,38.7,23.1,point
2025-08-14 03:00:00 PM,32.2,51.4,36.2,20.9,point
2025-08-14 03:30:00 PM,31.7,57.6,36.8,22.4,point
2025-08-14 04:00:00 PM,33.9,52.3,40.5,22.8,point
2025-08-14 04:30:00 PM,34.1,52.6,40.8,23.0,point
2025-08-14 05:00:00 PM,34.0,52.4,40.6,22.9,point
2025-08-14 05:30:00 PM,33.9,52.3,40.5,22.8,point
2025-08-14 06:00:00 PM,33.9,52.3,40.5,22.8,point
2025-08-14 06:30:00 PM,34.2,52.2,41.1,23.0,point
2025-08-14 07:00:00 PM,34.0,52.0,40.6,22.8,point
2025-08-14 07:30:00 PM,34.2,51.8,40.8,22.9,point
2025-08-14 08:00:00 PM,34.0,51.4,40.2,22.5,point
2025-08-14 08:30:00 PM,33.9,51.5,40.0,22.4,point
2025-08-14 09:00:00 PM,27.9,55.4,28.9,18.1,point
2025-08-14 09:30:00 PM,22.4,63.6,22.5,15.1,point
2025-08-14 10:00:00 PM,19.3,74.9,19.1,14.8,point
2025-08-14 10:30:00 PM,18.6,77.1,18.3,14.5,point
2025-08-14 11:00:00 PM,18.4,77.7,18.0,14.4,point
2025-08-14 11:30:00 PM,18.3,78.3,17.9,14.4,point
2025-08-15 12:00:00 AM,18.4,79.1,18.1,14.7,point
2025-08-15 12:30:00 AM,18.1,79.2,17.9,14.5,point
2025-08-15 01:00:00 AM,18.3,80.0,18.0,14.8,point
2025-08-15 01:30:00 AM,18.2,80.0,18.0,14.7,point
2025-08-15 02:00:00 AM,18.1,79.7,17.8,14.5,point
2025-08-15 02:30:00 AM,18.1,79.3,17.8,14.4,point
2025-08-15 03:00:00 AM,18.1,79.6,17.9,14.6,point
2025-08-15 03:30:00 AM,18.1,80.0,17.8,14.6,point
2025-08-15 04:00:00 AM,18.2,80.1,17.9,14.7,point
2025-08-15 04:30:00 AM,18.2,80.1,18.0,14.7,point
2025-08-15 05:00:00 AM,18.1,80.1,17.8,14.6,point
2025-08-15 05:30:00 AM,18.1,80.2,17.8,14.6,point
2025-08-15 06:00:00 AM,18.1,80.7,18.0,14.8,point
2025-08-15 06:30:00 AM,18.1,81.2,18.0,14.8,point
2025-08-15 07:00:00 AM,18.1,81.2,17.9,14.8,point
2025-08-15 07:30:00 AM,18.1,81.5,18.0,14.9,point
2025-08-15 08:00:00 AM,21.9,81.0,22.5,18.4,point
2025-08-15 08:30:00 AM,27.6,69.3,30.2,21.5,point
2025-08-15 09:00:00 AM,33.3,56.7,40.3,23.5,point
2025-08-15 09:30:00 AM,33.7,56.8,41.5,23.9,point
2025-08-15 10:00:00 AM,34.1,57.5,42.8,24.5,point
2025-08-15 10:30:00 AM,33.9,57.4,41.9,24.3,point
2025-08-15 11:00:00 AM,34.3,57.1,42.8,24.5,point
2025-08-15 11:30:00 AM,34.1,56.3,42.0,24.1,point
2025-08-15 12:00:00 PM,34.2,55.8,42.2,24.1,point
2025-08-15 12:30:00 PM,34.2,55.4,42.0,23.9,point
2025-08-15 01:00:00 PM,34.2,55.3,42.2,23.9,point
2025-08-15 01:30:00 PM,34.2,55.3,42.0,23.9,point
2025-08-15 02:00:00 PM,34.2,55.4,42.2,24.0,point
2025-08-15 02:30:00 PM,34.2,55.6,42.1,24.0,point
2025-08-15 03:00:00 PM,34.1,55.2,41.6,23.8,point
2025-08-15 03:30:00 PM,34.1,54.4,41.4,23.6,point
2025-08-15 04:00:00 PM,26.2,57.6,26.5,17.1,point
2025-08-15 04:30:00 PM,26.2,76.0,28.5,21.7,point
2025-08-15 05:00:00 PM,25.9,76.1,27.9,21.4,point
2025-08-15 05:30:00 PM,25.6,76.8,27.5,21.2,point
2025-08-15 06:00:00 PM,26.1,76.0,28.3,21.5,point
2025-08-15 06:30:00 PM,26.6,75.2,29.2,21.9,point
2025-08-15 07:00:00 PM,26.4,74.0,28.5,21.4,point
2025-08-15 07:30:00 PM,26.6,72.7,28.9,21.3,point
2025-08-15 08:00:00 PM,26.1,71.5,27.7,20.5,point
2025-08-15 08:30:00 PM,26.4,70.8,28.3,20.7,point
2025-08-15 09:00:00 PM,20.1,68.7,19.7,14.2,point
2025-08-15 09:30:00 PM,13.2,65.4,12.3,6.8,point
2025-08-15 10:00:00 PM,9.9,75.9,9.6,5.9,point
2025-08-15 10:30:00 PM,9.4,81.4,9.3,6.4,point
2025-08-15 11:00:00 PM,9.2,83.3,9.1,6.5,point
2025-08-15 11:30:00 PM,8.9,84.2,8.9,6.4,point
2025-08-16 12:00:00 AM,8.9,85.4,8.8,6.6,point
2025-08-16 12:30:00 AM,8.8,85.1,8.7,6.4,point
2025-08-16 01:00:00 AM,8.7,85.4,8.7,6.4,point
2025-08-16 01:30:00 AM,8.8,86.8,8.7,6.7,point
2025-08-16 02:00:00 AM,8.7,86.4,8.6,6.5,point
2025-08-16 02:30:00 AM,8.7,86.4,8.6,6.5,point
2025-08-16 03:00:00 AM,8.7,86.7,8.6,6.6,point
2025-08-16 03:30:00 AM,8.6,87.0,8.6,6.5,point
2025-08-16 04:00:00 AM,8.7,87.5,8.6,6.7,point
2025-08-16 04:30:00 AM,8.8,87.8,8.8,6.9,point
2025-08-16 05:00:00 AM,8.8,88.0,8.8,6.9,point
2025-08-16 05:30:00 AM,8.8,87.8,8.8,6.9,point
2025-08-16 06:00:00 AM,8.9,88.6,8.9,7.1,point
2025-08-16 06:30:00 AM,9.0,88.5,9.0,7.2,point
2025-08-16 07:00:00 AM,9.0,88.1,9.0,7.1,point
2025-08-16 07:30:00 AM,9.1,89.1,9.1,7.3,point
2025-08-16 08:00:00 AM,13.2,99.3,13.6,13.1,point
2025-08-16 08:30:00 AM,20.1,100.0,21.1,20.1,point
2025-08-16 09:00:00 AM,25.1,98.8,28.2,24.9,point
2025-08-16 09:30:00 AM,25.8,85.8,28.8,23.3,point
2025-08-16 10:00:00 AM,26.2,84.9,29.4,23.4,point
2025-08-16 10:30:00 AM,26.4,83.6,29.9,23.4,point
2025-08-16 11:00:00 AM,26.5,83.9,29.9,23.5,point
2025-08-16 11:30:00 AM,26.5,83.7,30.1,23.5,point
2025-08-16 12:00:00 PM,26.4,83.2,29.8,23.3,point
2025-08-16 12:30:00 PM,27.2,82.7,31.4,24.0,point
2025-08-16 01:00:00 PM,26.8,82.7,30.5,23.6,point
2025-08-16 01:30:00 PM,26.7,82.0,30.1,23.4,point
2025-08-16 02:00:00 PM,26.7,81.6,30.2,23.3,point
2025-08-16 02:30:00 PM,26.5,81.7,29.8,23.1,point
2025-08-16 03:00:00 PM,26.4,80.8,29.3,22.8,point
2025-08-16 03:30:00 PM,26.6,80.8,29.9,23.0,point
2025-08-16 04:00:00 PM,26.3,79.5,29.2,22.5,point
2025-08-16 04:30:00 PM,25.1,82.1,27.0,21.9,point
2025-08-16 05:00:00 PM,26.6,87.3,30.7,24.3,point
2025-08-16 05:30:00 PM,26.4,79.8,29.4,22.6,point
2025-08-16 06:00:00 PM,27.0,79.1,30.5,23.1,point
2025-08-16 06:30:00 PM,26.8,79.4,30.2,22.9,point
2025-08-16 07:00:00 PM,26.5,78.9,29.3,22.5,point
2025-08-16 07:30:00 PM,26.7,78.2,29.8,22.6,point
2025-08-16 08:00:00 PM,26.8,77.7,29.7,22.6,point
2025-08-16 08:30:00 PM,26.4,76.3,28.9,21.9,point
2025-08-16 09:00:00 PM,20.0,71.3,19.9,14.7,point
2025-08-16 09:30:00 PM,13.1,67.3,12.4,7.2,point
2025-08-16 10:00:00 PM,10.0,78.2,9.7,6.3,point
2025-08-16 10:30:00 PM,9.5,82.7,9.4,6.7,point
2025-08-16 11:00:00 PM,9.2,84.9,9.1,6.8,point
2025-08-16 11:30:00 PM,9.0,85.2,9.0,6.6,point
2025-08-17 12:00:00 AM,8.9,86.3,8.8,6.7,point
2025-08-17 12:30:00 AM,8.8,87.0,8.8,6.8,point
2025-08-17 01:00:00 AM,8.8,87.2,8.7,6.8,point
2025-08-17 01:30:00 AM,8.8,87.3,8.7,6.8,point
2025-08-17 02:00:00 AM,8.8,88.1,8.7,6.9,point
2025-08-17 02:30:00 AM,8.7,87.5,8.6,6.7,point
2025-08-17 03:00:00 AM,8.7,88.0,8.7,6.9,point
2025-08-17 03:30:00 AM,8.7,87.9,8.7,6.8,point
2025-08-17 04:00:00 AM,8.8,88.5,8.9,7.0,point
2025-08-17 04:30:00 AM,8.8,88.2,8.9,7.0,point
2025-08-17 05:00:00 AM,8.9,89.4,8.9,7.2,point
2025-08-17 05:30:00 AM,8.8,88.3,8.8,6.9,point
2025-08-17 06:00:00 AM,8.8,88.3,8.8,6.9,point
2025-08-17 06:30:00 AM,8.9,89.1,8.9,7.2,point
2025-08-17 07:00:00 AM,9.1,89.7,9.1,7.5,point
2025-08-17 07:30:00 AM,8.8,88.5,8.9,7.1,point
2025-08-17 08:00:00 AM,13.1,99.8,13.7,13.1,point
2025-08-17 08:30:00 AM,19.7,100.0,20.7,19.7,point
2025-08-17 09:00:00 AM,25.7,100.0,30.2,25.7,point
2025-08-17 09:30:00 AM,26.1,86.8,29.6,23.7,point
2025-08-17 10:00:00 AM,26.3,85.5,29.9,23.7,point
2025-08-17 10:30:00 AM,26.6,84.8,30.4,23.8,point
2025-08-17 11:00:00 AM,26.6,84.8,30.2,23.8,point
2025-08-17 11:30:00 AM,27.0,84.1,31.2,24.1,point
2025-08-17 12:00:00 PM,26.5,83.7,30.1,23.5,point
2025-08-17 12:30:00 PM,26.9,84.0,31.0,24.0,point
2025-08-17 01:00:00 PM,27.2,83.4,31.3,24.1,point
2025-08-17 01:30:00 PM,27.0,83.0,31.0,23.9,point
2025-08-17 02:00:00 PM,26.6,82.8,30.0,23.4,point
2025-08-17 02:30:00 PM,26.5,82.7,29.9,23.3,point
2025-08-17 03:00:00 PM,26.8,82.2,30.3,23.5,point
2025-08-17 03:30:00 PM,27.0,82.1,30.7,23.7,point
2025-08-17 04:00:00 PM,26.8,81.6,30.2,23.4,point
2025-08-17 04:30:00 PM,26.9,81.0,30.4,23.4,point
2025-08-17 05:00:00 PM,26.9,81.0,30.4,23.4,point
2025-08-17 05:30:00 PM,26.8,80.7,30.1,23.2,point
2025-08-17 06:00:00 PM,26.9,80.3,30.4,23.2,point
2025-08-17 06:30:00 PM,26.7,80.8,30.1,23.1,point
2025-08-17 07:00:00 PM,26.9,80.2,30.2,23.2,point
2025-08-17 07:30:00 PM,26.9,78.8,30.3,22.9,point
2025-08-17 08:00:00 PM,26.6,78.2,29.6,22.5,point
2025-08-17 08:30:00 PM,26.5,77.5,29.3,22.2,point
2025-08-17 09:00:00 PM,20.1,71.7,20.0,14.8,point
2025-08-17 09:30:00 PM,13.2,67.9,12.6,7.4,point
2025-08-17 10:00:00 PM,9.9,78.6,9.7,6.4,point
2025-08-17 10:30:00 PM,9.4,83.8,9.4,6.8,point
2025-08-17 11:00:00 PM,9.1,85.0,9.1,6.7,point
2025-08-17 11:30:00 PM,8.9,85.9,8.9,6.7,point
2025-08-18 12:00:00 AM,8.8,86.8,8.8,6.8,point
2025-08-18 12:30:00 AM,8.7,87.0,8.7,6.7,point
2025-08-18 01:00:00 AM,8.7,87.5,8.6,6.7,point
2025-08-18 01:30:00 AM,8.7,87.6,8.6,6.8,point
2025-08-18 02:00:00 AM,8.7,88.0,8.6,6.8,point
2025-08-18 02:30:00 AM,8.6,88.2,8.6,6.8,point
2025-08-18 03:00:00 AM,8.7,88.3,8.7,6.9,point
2025-08-18 03:30:00 AM,8.7,88.7,8.8,7.0,point
2025-08-18 04:00:00 AM,8.8,88.9,8.9,7.1,point
2025-08-18 04:30:00 AM,8.8,88.8,8.9,7.1,point
2025-08-18 05:00:00 AM,8.8,88.7,8.9,7.1,point
2025-08-18 05:30:00 AM,8.8,88.8,8.8,7.0,point
2025-08-18 06:00:00 AM,8.8,88.8,8.8,7.0,point
2025-08-18 06:30:00 AM,8.7,88.2,8.8,6.9,point
2025-08-18 07:00:00 AM,8.8,88.7,8.9,7.0,point
2025-08-18 07:30:00 AM,8.8,89.2,8.8,7.1,point
2025-08-18 08:00:00 AM,13.1,100.0,13.7,13.1,point
2025-08-18 08:30:00 AM,19.5,100.0,20.4,19.5,point
2025-08-18 09:00:00 AM,25.5,97.5,29.1,25.1,point
2025-08-18 09:30:00 AM,26.6,87.1,30.5,24.2,point
2025-08-18 10:00:00 AM,26.4,85.2,30.1,23.8,point
2025-08-18 10:30:00 AM,26.6,84.8,30.2,23.8,point
2025-08-18 11:00:00 AM,26.9,84.4,30.8,24.0,point
2025-08-18 11:30:00 AM,26.9,84.1,30.8,23.9,point
2025-08-18 12:00:00 PM,26.3,83.3,29.4,23.2,point
2025-08-18 12:30:00 PM,26.8,83.4,30.5,23.7,point
2025-08-18 01:00:00 PM,26.6,83.0,30.2,23.5,point
2025-08-18 01:30:00 PM,26.6,82.6,30.1,23.4,point
2025-08-18 02:00:00 PM,27.0,82.3,30.8,23.7,point
2025-08-18 02:30:00 PM,26.2,80.5,29.1,22.6,point
2025-08-18 03:00:00 PM,26.5,80.1,29.4,22.7,point
2025-08-18 03:30:00 PM,26.9,79.5,30.2,23.0,point
2025-08-18 04:00:00 PM,26.3,78.4,28.8,22.2,point
2025-08-18 04:30:00 PM,26.6,77.2,29.4,22.3,point
2025-08-18 05:00:00 PM,26.7,75.8,29.5,22.1,point
2025-08-18 05:30:00 PM,24.9,72.8,25.8,19.7,point
2025-08-18 06:00:00 PM,24.6,73.5,25.3,19.5,point
2025-08-18 06:30:00 PM,24.2,73.0,24.8,19.0,point
2025-08-18 07:00:00 PM,24.2,72.2,24.9,18.9,point
2025-08-18 07:30:00 PM,24.2,71.0,24.8,18.6,point
2025-08-18 08:00:00 PM,24.1,69.6,24.5,18.2,point
2025-08-18 08:30:00 PM,24.1,67.9,24.5,17.8,point
2025-08-18 09:00:00 PM,17.5,67.3,16.6,11.4,point
2025-08-18 09:30:00 PM,10.3,65.3,9.6,4.1,point
2025-08-18 10:00:00 PM,7.1,77.0,6.8,3.3,point
2025-08-18 10:30:00 PM,6.6,81.0,6.5,3.6,point
2025-08-18 11:00:00 PM,6.3,80.4,6.2,3.2,point
2025-08-18 11:30:00 PM,6.1,83.9,6.0,3.6,point
2025-08-19 12:00:00 AM,6.0,84.4,5.9,3.5,point
2025-08-19 12:30:00 AM,6.0,85.4,5.9,3.7,point
2025-08-19 01:00:00 AM,6.0,85.5,5.9,3.7,point
2025-08-19 01:30:00 AM,5.8,86.0,5.8,3.7,point
2025-08-19 02:00:00 AM,5.8,86.3,5.8,3.7,point
2025-08-19 02:30:00 AM,5.9,86.8,5.9,3.9,point
2025-08-19 03:00:00 AM,5.9,86.8,5.9,3.9,point
2025-08-19 03:30:00 AM,6.0,86.9,5.9,4.0,point
2025-08-19 04:00:00 AM,6.0,87.0,5.9,4.0,point
2025-08-19 04:30:00 AM,6.0,87.0,6.0,4.0,point
2025-08-19 05:00:00 AM,6.1,87.3,6.1,4.2,point
2025-08-19 05:30:00 AM,6.2,86.9,6.2,4.2,point
2025-08-19 06:00:00 AM,6.3,87.1,6.3,4.4,point
2025-08-19 06:30:00 AM,6.2,87.4,6.2,4.3,point
2025-08-19 07:00:00 AM,6.3,87.6,6.3,4.4,point
2025-08-19 07:30:00 AM,6.4,87.5,6.3,4.4,point
2025-08-19 08:00:00 AM,10.5,99.0,10.9,10.4,point
2025-08-19 08:30:00 AM,17.2,100.0,18.0,17.2,point
2025-08-19 09:00:00 AM,21.9,97.7,23.1,21.5,point
2025-08-19 09:30:00 AM,22.5,87.0,23.5,20.2,point
2025-08-19 10:00:00 AM,22.8,84.7,23.8,20.0,point
2025-08-19 10:30:00 AM,23.4,84.1,24.5,20.5,point
2025-08-19 11:00:00 AM,23.9,83.7,25.3,21.0,point
2025-08-19 11:30:00 AM,23.6,83.0,24.8,20.6,point
2025-08-19 12:00:00 PM,23.4,83.1,24.6,20.4,point
2025-08-19 12:30:00 PM,24.1,83.3,25.5,21.1,point
2025-08-19 01:00:00 PM,23.6,82.4,24.8,20.4,point
2025-08-19 01:30:00 PM,23.7,82.6,24.9,20.6,point
2025-08-19 02:00:00 PM,24.1,82.1,25.4,20.9,point
2025-08-19 02:30:00 PM,23.5,82.2,24.5,20.3,point
2025-08-19 03:00:00 PM,24.2,81.2,25.4,20.8,point
2025-08-19 03:30:00 PM,24.1,80.8,25.3,20.6,point
2025-08-19 04:00:00 PM,20.6,85.2,21.0,18.0,point
2025-08-19 04:30:00 PM,21.4,86.8,22.2,19.1,point
2025-08-19 05:00:00 PM,20.3,87.2,20.9,18.1,point
2025-08-19 05:30:00 PM,21.5,86.3,22.1,19.1,point
2025-08-19 06:00:00 PM,21.4,85.4,22.1,18.9,point
2025-08-19 06:30:00 PM,21.5,85.3,22.1,18.9,point
2025-08-19 07:00:00 PM,21.3,84.5,21.9,18.6,point
2025-08-19 07:30:00 PM,21.1,84.6,21.8,18.4,point
2025-08-19 08:00:00 PM,21.3,83.7,22.0,18.5,point
2025-08-19 08:30:00 PM,21.3,83.9,22.0,18.5,point
2025-08-19 09:00:00 PM,16.1,75.0,15.7,11.7,point
2025-08-19 09:30:00 PM,9.3,70.0,8.8,4.1,point
2025-08-19 10:00:00 PM,6.4,80.7,6.3,3.4,point
2025-08-19 10:30:00 PM,6.2,84.6,6.1,3.8,point
2025-08-19 11:00:00 PM,6.1,86.2,6.0,3.9,point
2025-08-19 11:30:00 PM,5.9,86.5,5.9,3.9,point
2025-08-20 12:00:00 AM,6.0,87.2,6.0,4.1,point
2025-08-20 12:30:00 AM,5.8,87.1,5.8,3.8,point
2025-08-20 01:00:00 AM,5.9,87.5,5.8,4.0,point
2025-08-20 01:30:00 AM,5.8,87.3,5.8,3.9,point
2025-08-20 02:00:00 AM,5.8,87.7,5.8,4.0,point
2025-08-20 02:30:00 AM,6.0,87.5,5.9,4.0,point
2025-08-20 03:00:00 AM,5.9,88.4,5.8,4.1,point
2025-08-20 03:30:00 AM,5.9,88.2,5.8,4.1,point
2025-08-20 04:00:00 AM,6.1,88.8,6.0,4.3,point
2025-08-20 04:30:00 AM,6.0,88.3,6.0,4.2,point
2025-08-20 05:00:00 AM,5.9,88.2,5.9,4.1,point
2025-08-20 05:30:00 AM,6.2,89.1,6.2,4.5,point
2025-08-20 06:00:00 AM,6.0,88.2,6.0,4.2,point
2025-08-20 06:30:00 AM,6.2,89.4,6.3,4.6,point
2025-08-20 07:00:00 AM,5.8,88.0,5.8,4.0,point
2025-08-20 07:30:00 AM,6.1,89.6,6.0,4.5,point
2025-08-20 08:00:00 AM,10.7,99.5,11.2,10.6,point
2025-08-20 08:30:00 AM,17.0,100.0,17.8,17.0,point
2025-08-20 09:00:00 AM,21.1,100.0,22.2,21.1,point
2025-08-20 09:30:00 AM,21.1,90.9,22.0,19.6,point
2025-08-20 10:00:00 AM,21.2,89.9,22.0,19.5,point
2025-08-20 10:30:00 AM,21.1,89.7,21.9,19.4,point
2025-08-20 11:00:00 AM,21.1,89.4,21.9,19.3,point
2025-08-20 11:30:00 AM,21.2,89.1,22.0,19.3,point
2025-08-20 12:00:00 PM,21.1,88.8,21.9,19.2,point
2025-08-20 12:30:00 PM,21.4,88.7,22.1,19.4,point
2025-08-20 01:00:00 PM,21.3,88.8,22.0,19.4,point
2025-08-20 01:30:00 PM,21.2,89.1,22.0,19.4,point
2025-08-20 02:00:00 PM,21.1,88.3,21.8,19.1,point
2025-08-20 02:30:00 PM,21.3,88.4,22.1,19.3,point
2025-08-20 03:00:00 PM,21.3,88.1,22.0,19.2,point
2025-08-20 03:30:00 PM,21.4,88.3,22.1,19.4,point
2025-08-20 04:00:00 PM,21.4,87.5,22.1,19.2,point
2025-08-20 04:30:00 PM,21.3,87.8,22.0,19.2,point
2025-08-20 05:00:00 PM,21.6,88.5,22.5,19.6,point
2025-08-20 05:30:00 PM,21.4,87.0,22.2,19.1,point
2025-08-20 06:00:00 PM,21.4,87.4,22.1,19.2,point
2025-08-20 06:30:00 PM,21.2,87.4,22.0,19.1,point
2025-08-20 07:00:00 PM,21.4,87.0,22.2,19.1,point
2025-08-20 07:30:00 PM,21.2,86.9,22.0,18.9,point
2025-08-20 08:00:00 PM,21.2,86.3,21.9,18.9,point
2025-08-20 08:30:00 PM,21.3,87.1,22.0,19.0,point
2025-08-20 09:00:00 PM,16.6,76.9,16.3,12.6,point
2025-08-20 09:30:00 PM,9.5,72.0,9.0,4.7,point
2025-08-20 10:00:00 PM,6.4,81.8,6.3,3.5,point
2025-08-20 10:30:00 PM,6.2,85.7,6.2,4.0,point
2025-08-20 11:00:00 PM,6.0,86.6,5.9,3.9,point
2025-08-20 11:30:00 PM,6.1,87.6,6.1,4.2,point
2025-08-21 12:00:00 AM,6.0,87.7,6.0,4.2,point
2025-08-21 12:30:00 AM,5.9,88.1,5.9,4.1,point
2025-08-21 01:00:00 AM,5.9,88.7,5.9,4.2,point
2025-08-21 01:30:00 AM,6.1,88.6,6.0,4.3,point
2025-08-21 02:00:00 AM,5.9,88.5,5.8,4.1,point
2025-08-21 02:30:00 AM,6.0,88.8,6.0,4.3,point
2025-08-21 03:00:00 AM,5.9,88.8,5.9,4.2,point
2025-08-21 03:30:00 AM,5.8,88.8,5.8,4.1,point
2025-08-21 04:00:00 AM,6.0,89.2,6.0,4.4,point
2025-08-21 04:30:00 AM,5.7,88.8,5.7,4.0,point
2025-08-21 05:00:00 AM,5.8,88.6,5.7,4.0,point
2025-08-21 05:30:00 AM,5.7,88.8,5.6,4.0,point
2025-08-21 06:00:00 AM,5.7,89.0,5.7,4.0,point
2025-08-21 06:30:00 AM,5.7,89.4,5.7,4.1,point
2025-08-21 07:00:00 AM,5.7,89.2,5.6,4.0,point
2025-08-21 07:30:00 AM,5.8,89.1,5.7,4.1,point
2025-08-21 08:00:00 AM,10.4,100.0,10.8,10.4,point
2025-08-21 08:30:00 AM,17.0,100.0,17.8,17.0,point
2025-08-21 09:00:00 AM,21.3,100.0,22.3,21.3,point
2025-08-21 09:30:00 AM,21.1,91.6,22.0,19.7,point
2025-08-21 10:00:00 AM,21.1,90.4,21.9,19.4,point
2025-08-21 10:30:00 AM,21.1,89.9,21.9,19.4,point
2025-08-21 11:00:00 AM,21.2,90.8,22.1,19.7,point
2025-08-21 11:30:00 AM,21.3,90.2,22.1,19.6,point
2025-08-21 12:00:00 PM,21.1,89.8,21.9,19.4,point
2025-08-21 12:30:00 PM,21.2,90.2,22.1,19.5,point
2025-08-21 01:00:00 PM,21.3,90.0,22.1,19.6,point
2025-08-21 01:30:00 PM,21.1,89.5,21.9,19.3,point
2025-08-21 02:00:00 PM,21.1,88.8,21.9,19.2,point
2025-08-21 02:30:00 PM,21.1,89.4,21.9,19.3,point
2025-08-21 03:00:00 PM,21.0,88.4,21.8,19.0,point
2025-08-21 03:30:00 PM,21.0,88.7,21.6,19.0,point
2025-08-21 04:00:00 PM,21.1,88.5,21.9,19.1,point
2025-08-21 04:30:00 PM,21.3,88.8,22.0,19.3,point
2025-08-21 05:00:00 PM,21.3,88.6,22.1,19.4,point
2025-08-21 05:30:00 PM,21.2,88.3,22.0,19.2,point
2025-08-21 06:00:00 PM,21.3,89.0,22.1,19.4,point
2025-08-21 06:30:00 PM,21.4,89.2,22.2,19.6,point
2025-08-21 07:00:00 PM,21.2,87.6,22.0,19.1,point
2025-08-21 07:30:00 PM,21.3,87.5,22.0,19.1,point
2025-08-21 08:00:00 PM,21.4,87.3,22.1,19.1,point
2025-08-21 08:30:00 PM,21.3,87.2,22.0,19.1,point
2025-08-21 09:00:00 PM,16.4,76.4,16.0,12.3,point
2025-08-21 09:30:00 PM,9.2,71.7,8.8,4.3,point
2025-08-21 10:00:00 PM,6.5,82.1,6.3,3.6,point
2025-08-21 10:30:00 PM,5.9,85.1,5.9,3.6,point
2025-08-21 11:00:00 PM,6.1,87.2,6.0,4.1,point
2025-08-21 11:30:00 PM,5.9,88.0,5.8,4.0,point
2025-08-22 12:00:00 AM,5.8,88.4,5.8,4.1,point
2025-08-22 12:30:00 AM,5.8,88.4,5.8,4.1,point
2025-08-22 01:00:00 AM,5.8,88.7,5.7,4.0,point
2025-08-22 01:30:00 AM,5.8,89.2,5.8,4.2,point
2025-08-22 02:00:00 AM,5.8,89.0,5.7,4.1,point
2025-08-22 02:30:00 AM,5.7,89.4,5.7,4.1,point
2025-08-22 03:00:00 AM,5.8,89.6,5.7,4.2,point
2025-08-22 03:30:00 AM,5.7,89.2,5.6,4.0,point
2025-08-22 04:00:00 AM,5.8,89.9,5.8,4.3,point
2025-08-22 04:30:00 AM,5.8,89.3,5.7,4.1,point
2025-08-22 05:00:00 AM,5.9,90.1,5.9,4.4,point
2025-08-22 05:30:00 AM,5.7,89.6,5.6,4.1,point
2025-08-22 06:00:00 AM,5.7,89.6,5.6,4.1,point
2025-08-22 06:30:00 AM,5.7,89.8,5.7,4.2,point
2025-08-22 07:00:00 AM,5.6,89.3,5.6,4.0,point
2025-08-22 07:30:00 AM,5.7,89.9,5.6,4.1,point
2025-08-22 08:00:00 AM,10.2,100.0,10.7,10.2,point
2025-08-22 08:30:00 AM,16.6,100.0,17.4,16.6,point
2025-08-22 09:00:00 AM,21.0,100.0,22.1,21.0,point
2025-08-22 09:30:00 AM,21.2,91.3,22.0,19.7,point
2025-08-22 10:00:00 AM,21.1,90.7,22.0,19.5,point
2025-08-22 10:30:00 AM,21.2,90.6,22.0,19.6,point
2025-08-22 11:00:00 AM,21.1,90.3,22.0,19.4,point
2025-08-22 11:30:00 AM,21.3,90.0,22.0,19.6,point
2025-08-22 12:00:00 PM,21.3,90.3,22.2,19.7,point
2025-08-22 12:30:00 PM,21.3,90.0,22.1,19.6,point
2025-08-22 01:00:00 PM,21.0,89.4,21.6,19.1,point
2025-08-22 01:30:00 PM,21.2,89.7,22.0,19.4,point
2025-08-22 02:00:00 PM,21.4,90.2,22.2,19.7,point
2025-08-22 02:30:00 PM,21.3,89.4,22.0,19.5,point
2025-08-22 03:00:00 PM,20.7,89.5,21.4,18.9,point
2025-08-22 03:30:00 PM,23.4,86.5,24.8,21.0,point
2025-08-22 04:00:00 PM,23.8,85.3,25.1,21.2,point
2025-08-22 04:30:00 PM,23.2,85.5,24.4,20.6,point
2025-08-22 05:00:00 PM,23.2,86.3,24.5,20.8,point
2025-08-22 05:30:00 PM,23.4,85.8,24.6,20.9,point
2025-08-22 06:00:00 PM,23.5,85.7,24.7,20.9,point
2025-08-22 06:30:00 PM,23.6,84.8,24.8,20.9,point
2025-08-22 07:00:00 PM,23.4,85.4,24.6,20.8,point
2025-08-22 07:30:00 PM,23.4,85.2,24.7,20.8,point
2025-08-22 08:00:00 PM,23.2,84.3,24.3,20.4,point
2025-08-22 08:30:00 PM,23.7,84.6,25.0,21.0,point
2025-08-22 09:00:00 PM,15.7,77.1,15.4,11.7,point
2025-08-22 09:30:00 PM,9.3,72.7,8.8,4.6,point
2025-08-22 10:00:00 PM,6.2,82.3,6.1,3.4,point
2025-08-22 10:30:00 PM,5.8,86.4,5.8,3.7,point
2025-08-22 11:00:00 PM,5.7,87.6,5.7,3.8,point
2025-08-22 11:30:00 PM,5.8,88.9,5.7,4.1,point
2025-08-23 12:00:00 AM,5.8,89.7,5.7,4.2,point
2025-08-23 12:30:00 AM,5.8,89.4,5.7,4.2,point
2025-08-23 01:00:00 AM,5.7,89.8,5.7,4.2,point
2025-08-23 01:30:00 AM,5.7,89.9,5.6,4.1,point
2025-08-23 02:00:00 AM,5.7,90.2,5.7,4.2,point
2025-08-23 02:30:00 AM,5.8,90.0,5.8,4.2,point
2025-08-23 03:00:00 AM,5.7,90.6,5.8,4.3,point
2025-08-23 03:30:00 AM,5.8,90.3,5.8,4.3,point
2025-08-23 04:00:00 AM,5.6,90.4,5.7,4.2,point
2025-08-23 04:30:00 AM,5.6,90.5,5.6,4.1,point
2025-08-23 05:00:00 AM,5.5,90.6,5.5,4.0,point
2025-08-23 05:30:00 AM,5.5,90.8,5.6,4.1,point
2025-08-23 06:00:00 AM,5.6,90.6,5.6,4.2,point
2025-08-23 06:30:00 AM,5.6,90.4,5.6,4.1,point
2025-08-23 07:00:00 AM,5.5,90.8,5.5,4.1,point
2025-08-23 07:30:00 AM,5.5,90.7,5.6,4.1,point
2025-08-23 08:00:00 AM,10.1,100.0,10.4,10.1,point
2025-08-23 08:30:00 AM,16.6,100.0,17.4,16.6,point
2025-08-23 09:00:00 AM,22.4,99.4,23.9,22.3,point
2025-08-23 09:30:00 AM,23.2,87.3,24.5,21.0,point
2025-08-23 10:00:00 AM,23.6,85.8,24.8,21.1,point
2025-08-23 10:30:00 AM,23.8,85.7,25.2,21.3,point
2025-08-23 11:00:00 AM,23.8,85.4,25.1,21.2,point
2025-08-23 11:30:00 AM,23.7,85.7,25.1,21.2,point
2025-08-23 12:00:00 PM,23.9,85.8,25.2,21.4,point
2025-08-23 12:30:00 PM,24.0,85.5,25.3,21.4,point
2025-08-23 01:00:00 PM,23.3,85.7,24.4,20.8,point
2025-08-23 01:30:00 PM,23.5,85.7,24.8,21.0,point
2025-08-23 02:00:00 PM,23.2,85.1,24.3,20.5,point
2025-08-23 02:30:00 PM,23.4,85.3,24.6,20.8,point
2025-08-23 03:00:00 PM,23.5,85.5,24.8,20.9,point
2025-08-23 03:30:00 PM,23.2,85.3,24.4,20.6,point
2025-08-23 04:00:00 PM,23.4,84.9,24.6,20.7,point
2025-08-23 04:30:00 PM,23.6,84.3,24.8,20.8,point
2025-08-23 05:00:00 PM,23.4,83.9,24.6,20.5,point
2025-08-23 05:30:00 PM,23.7,83.7,25.0,20.8,point
2025-08-23 06:00:00 PM,23.8,83.9,25.0,20.9,point
2025-08-23 06:30:00 PM,23.6,83.1,24.8,20.6,point
2025-08-23 07:00:00 PM,23.5,82.8,24.6,20.4,point
2025-08-23 07:30:00 PM,23.3,82.4,24.3,20.1,point
2025-08-23 08:00:00 PM,23.8,82.5,24.9,20.6,point
2025-08-23 08:30:00 PM,24.0,82.9,25.2,20.9,point
2025-08-23 09:00:00 PM,16.7,76.6,16.2,12.6,point
2025-08-23 09:30:00 PM,9.4,71.3,9.0,4.5,point
2025-08-23 10:00:00 PM,6.3,81.4,6.2,3.4,point
2025-08-23 10:30:00 PM,5.9,85.4,5.9,3.6,point
2025-08-23 11:00:00 PM,5.8,87.2,5.8,3.9,point
2025-08-23 11:30:00 PM,5.8,88.0,5.8,4.0,point
2025-08-24 12:00:00 AM,5.7,88.4,5.7,4.0,point
2025-08-24 12:30:00 AM,5.7,88.5,5.7,4.0,point
2025-08-24 01:00:00 AM,5.8,88.9,5.7,4.0,point
2025-08-24 01:30:00 AM,5.7,89.2,5.7,4.1,point
2025-08-24 02:00:00 AM,5.7,89.5,5.7,4.1,point
2025-08-24 02:30:00 AM,5.6,89.4,5.5,4.0,point
2025-08-24 03:00:00 AM,5.6,89.9,5.5,4.1,point
2025-08-24 03:30:00 AM,5.6,89.8,5.5,4.0,point
2025-08-24 04:00:00 AM,5.6,90.3,5.6,4.1,point
2025-08-24 04:30:00 AM,5.7,90.4,5.7,4.2,point
2025-08-24 05:00:00 AM,5.5,89.9,5.5,4.0,point
2025-08-24 05:30:00 AM,5.6,90.0,5.6,4.1,point
2025-08-24 06:00:00 AM,5.6,90.3,5.7,4.2,point
2025-08-24 06:30:00 AM,5.5,90.7,5.5,4.1,point
2025-08-24 07:00:00 AM,5.7,90.2,5.7,4.2,point
2025-08-24 07:30:00 AM,5.5,89.7,5.4,3.9,point
2025-08-24 08:00:00 AM,10.3,99.4,10.7,10.2,point
2025-08-24 08:30:00 AM,17.2,100.0,18.0,17.2,point
2025-08-24 09:00:00 AM,22.3,100.0,23.7,22.3,point
2025-08-24 09:30:00 AM,23.3,87.1,24.5,21.0,point
2025-08-24 10:00:00 AM,23.4,85.7,24.6,20.8,point
2025-08-24 10:30:00 AM,23.6,85.0,24.8,20.9,point
2025-08-24 11:00:00 AM,23.4,84.8,24.6,20.6,point
2025-08-24 11:30:00 AM,23.6,85.3,24.9,21.0,point
2025-08-24 12:00:00 PM,23.6,84.3,24.9,20.8,point
2025-08-24 12:30:00 PM,24.0,84.8,25.5,21.3,point
2025-08-24 01:00:00 PM,23.8,84.7,25.2,21.1,point
2025-08-24 01:30:00 PM,23.6,84.4,24.8,20.8,point
2025-08-24 02:00:00 PM,23.8,83.5,25.1,20.8,point
2025-08-24 02:30:00 PM,23.9,83.6,25.1,20.9,point
2025-08-24 03:00:00 PM,24.1,83.9,25.4,21.2,point
2025-08-24 03:30:00 PM,23.3,82.7,24.3,20.2,point
2025-08-24 04:00:00 PM,23.7,81.9,24.8,20.4,point
2025-08-24 04:30:00 PM,23.8,82.4,25.0,20.6,point
2025-08-24 05:00:00 PM,23.7,81.5,24.8,20.4,point
2025-08-24 05:30:00 PM,23.8,81.2,24.8,20.4,point
2025-08-24 06:00:00 PM,23.7,81.0,24.7,20.2,point
2025-08-24 06:30:00 PM,23.7,81.4,24.7,20.3,point
2025-08-24 07:00:00 PM,23.5,79.7,24.5,19.8,point
2025-08-24 07:30:00 PM,23.6,79.7,24.5,19.8,point
2025-08-24 08:00:00 PM,23.7,79.8,24.8,20.0,point
2025-08-24 08:30:00 PM,23.6,80.3,24.5,20.0,point
2025-08-24 09:00:00 PM,16.3,75.0,15.8,11.9,point
2025-08-24 09:30:00 PM,9.7,71.9,9.2,4.8,point
2025-08-24 10:00:00 PM,6.4,80.9,6.3,3.4,point
2025-08-24 10:30:00 PM,5.8,84.6,5.8,3.4,point
2025-08-24 11:00:00 PM,5.9,86.8,5.8,3.8,point
2025-08-24 11:30:00 PM,5.7,87.5,5.7,3.8,point
2025-08-25 12:00:00 AM,5.7,87.8,5.7,3.8,point
2025-08-25 12:30:00 AM,5.7,87.9,5.7,3.9,point
2025-08-25 01:00:00 AM,5.6,88.3,5.6,3.8,point
2025-08-25 01:30:00 AM,5.7,88.7,5.7,4.0,point
2025-08-25 02:00:00 AM,5.7,89.0,5.6,4.0,point
2025-08-25 02:30:00 AM,5.7,89.2,5.6,4.0,point
2025-08-25 03:00:00 AM,5.7,89.2,5.6,4.0,point
2025-08-25 03:30:00 AM,5.6,89.2,5.6,4.0,point
2025-08-25 04:00:00 AM,5.7,89.6,5.7,4.2,point
2025-08-25 04:30:00 AM,5.8,89.8,5.7,4.2,point
2025-08-25 05:00:00 AM,5.8,90.3,5.9,4.3,point
2025-08-25 05:30:00 AM,5.6,89.9,5.6,4.1,point
2025-08-25 06:00:00 AM,5.7,89.9,5.6,4.1,point
2025-08-25 06:30:00 AM,5.9,90.3,5.9,4.4,point
2025-08-25 07:00:00 AM,5.7,90.2,5.8,4.2,point
2025-08-25 07:30:00 AM,5.8,89.9,5.8,4.3,point
2025-08-25 08:00:00 AM,10.2,99.2,10.6,10.1,point
2025-08-25 08:30:00 AM,16.9,100.0,17.7,16.9,point
2025-08-25 09:00:00 AM,22.4,99.9,23.9,22.4,point
2025-08-25 09:30:00 AM,22.9,86.7,24.1,20.6,point
2025-08-25 10:00:00 AM,23.4,85.5,24.7,20.8,point
2025-08-25 10:30:00 AM,23.3,85.5,24.6,20.8,point
2025-08-25 11:00:00 AM,23.8,85.8,25.2,21.3,point
2025-08-25 11:30:00 AM,23.3,86.0,24.4,20.8,point
2025-08-25 12:00:00 PM,23.4,85.3,24.7,20.8,point
2025-08-25 12:30:00 PM,22.9,85.0,23.9,20.2,point
2025-08-25 01:00:00 PM,23.3,85.9,24.4,20.8,point
2025-08-25 01:30:00 PM,23.5,85.9,24.8,21.0,point
2025-08-25 02:00:00 PM,23.6,84.8,24.8,20.9,point
2025-08-25 02:30:00 PM,23.6,85.2,24.8,20.9,point
2025-08-25 03:00:00 PM,23.5,85.9,24.8,21.0,point
2025-08-25 03:30:00 PM,23.5,85.2,24.8,20.9,point
2025-08-25 04:00:00 PM,23.4,84.9,24.6,20.7,point
2025-08-25 04:30:00 PM,23.4,85.0,24.7,20.8,point
2025-08-25 05:00:00 PM,22.5,85.6,23.4,19.9,point
2025-08-25 05:30:00 PM,22.7,85.8,23.7,20.2,point
2025-08-25 06:00:00 PM,22.7,85.4,23.7,20.1,point
2025-08-25 06:30:00 PM,22.7,85.5,23.8,20.2,point
2025-08-25 07:00:00 PM,23.1,85.9,24.3,20.6,point
2025-08-25 07:30:00 PM,23.0,86.4,24.3,20.6,point
2025-08-25 08:00:00 PM,22.5,85.4,23.5,19.9,point
2025-08-25 08:30:00 PM,23.1,86.2,24.2,20.6,point
2025-08-25 09:00:00 PM,16.0,75.7,15.5,11.7,point
2025-08-25 09:30:00 PM,9.3,72.6,8.9,4.7,point
2025-08-25 10:00:00 PM,6.3,81.8,6.1,3.4,point
2025-08-25 10:30:00 PM,6.0,86.1,5.9,3.8,point
2025-08-25 11:00:00 PM,5.7,84.5,5.7,3.3,point
2025-08-25 11:30:00 PM,5.7,88.2,5.6,3.9,point
2025-08-26 12:00:00 AM,5.6,89.4,5.6,4.0,point
2025-08-26 12:30:00 AM,5.6,89.7,5.5,4.0,point
2025-08-26 01:00:00 AM,5.4,90.1,5.4,3.9,point
2025-08-26 01:30:00 AM,5.4,90.1,5.4,3.9,point
2025-08-26 02:00:00 AM,5.4,90.4,5.4,3.9,point
2025-08-26 02:30:00 AM,5.4,90.8,5.5,4.0,point
2025-08-26 03:00:00 AM,5.5,90.8,5.6,4.2,point
2025-08-26 03:30:00 AM,5.3,90.2,5.4,3.9,point
2025-08-26 04:00:00 AM,5.4,91.1,5.4,4.0,point
2025-08-26 04:30:00 AM,5.4,91.1,5.5,4.1,point
2025-08-26 05:00:00 AM,5.4,91.0,5.5,4.1,point
2025-08-26 05:30:00 AM,5.5,91.5,5.5,4.2,point
2025-08-26 06:00:00 AM,5.6,91.4,5.6,4.3,point
2025-08-26 06:30:00 AM,5.4,91.1,5.5,4.1,point
2025-08-26 07:00:00 AM,5.3,91.4,5.4,4.0,point
2025-08-26 07:30:00 AM,5.3,91.8,5.3,4.0,point
2025-08-26 08:00:00 AM,10.1,98.4,10.4,9.8,point
2025-08-26 08:30:00 AM,17.5,100.0,18.2,17.5,point
2025-08-26 09:00:00 AM,20.4,100.0,21.4,20.4,point
2025-08-26 09:30:00 AM,20.2,94.8,21.0,19.4,point
2025-08-26 10:00:00 AM,20.1,93.2,20.8,19.0,point
2025-08-26 10:30:00 AM,20.2,93.4,20.9,19.1,point
2025-08-26 11:00:00 AM,20.4,92.9,21.1,19.2,point
2025-08-26 11:30:00 AM,20.3,93.0,20.9,19.1,point
2025-08-26 12:00:00 PM,20.3,92.5,21.1,19.1,point
2025-08-26 12:30:00 PM,20.2,92.0,20.9,18.9,point
2025-08-26 01:00:00 PM,20.3,92.0,20.9,18.9,point
2025-08-26 01:30:00 PM,20.3,92.0,20.9,18.9,point
2025-08-26 02:00:00 PM,20.2,91.5,20.9,18.8,point
2025-08-26 02:30:00 PM,20.2,91.4,20.8,18.7,point
2025-08-26 03:00:00 PM,20.3,91.9,20.9,18.9,point
2025-08-26 03:30:00 PM,20.2,90.9,20.8,18.6,point
2025-08-26 04:00:00 PM,20.3,91.6,21.0,18.9,point
2025-08-26 04:30:00 PM,20.3,91.1,21.0,18.9,point
2025-08-26 05:00:00 PM,20.3,90.8,21.0,18.8,point
2025-08-26 05:30:00 PM,20.4,91.2,21.0,18.9,point
2025-08-26 06:00:00 PM,20.4,91.2,21.0,18.9,point
2025-08-26 06:30:00 PM,20.4,90.7,21.1,18.9,point
2025-08-26 07:00:00 PM,20.4,90.7,21.0,18.8,point
2025-08-26 07:30:00 PM,20.5,90.9,21.3,19.0,point
2025-08-26 08:00:00 PM,20.3,90.4,21.0,18.7,point
2025-08-26 08:30:00 PM,20.5,90.8,21.3,19.0,point
2025-08-26 09:00:00 PM,16.3,79.8,16.1,12.8,point
2025-08-26 09:30:00 PM,9.1,72.8,8.8,4.5,point
2025-08-26 10:00:00 PM,6.2,82.9,6.2,3.6,point
2025-08-26 10:30:00 PM,5.8,87.0,5.7,3.8,point
2025-08-26 11:00:00 PM,5.5,88.8,5.4,3.8,point
2025-08-26 11:30:00 PM,5.4,89.7,5.4,3.8,point
2025-08-27 12:00:00 AM,5.4,90.7,5.5,4.0,point
2025-08-27 12:30:00 AM,5.4,90.5,5.4,3.9,point
2025-08-27 01:00:00 AM,5.5,91.1,5.6,4.2,point
2025-08-27 01:30:00 AM,5.5,91.5,5.5,4.2,point
2025-08-27 02:00:00 AM,5.4,91.3,5.5,4.1,point
2025-08-27 02:30:00 AM,5.4,91.4,5.5,4.1,point
2025-08-27 03:00:00 AM,5.5,91.5,5.5,4.2,point
2025-08-27 03:30:00 AM,5.3,91.6,5.4,4.0,point
2025-08-27 04:00:00 AM,5.4,91.5,5.4,4.1,point
2025-08-27 04:30:00 AM,5.4,92.0,5.5,4.2,point
2025-08-27 05:00:00 AM,5.4,92.1,5.5,4.2,point
2025-08-27 05:30:00 AM,5.3,92.1,5.4,4.1,point
2025-08-27 06:00:00 AM,5.4,92.4,5.5,4.3,point
2025-08-27 06:30:00 AM,5.4,91.8,5.4,4.2,point
2025-08-27 07:00:00 AM,5.3,92.6,5.4,4.2,point
2025-08-27 07:30:00 AM,5.4,92.2,5.5,4.3,point
2025-08-27 08:00:00 AM,10.0,100.0,10.4,10.0,point
2025-08-27 08:30:00 AM,16.5,100.0,17.3,16.5,point
2025-08-27 09:00:00 AM,21.0,100.0,22.1,21.0,point
2025-08-27 09:30:00 AM,20.4,94.0,21.3,19.4,point
2025-08-27 10:00:00 AM,20.2,93.5,20.9,19.1,point
2025-08-27 10:30:00 AM,20.1,92.7,20.8,18.9,point
2025-08-27 11:00:00 AM,20.4,93.0,21.1,19.2,point
2025-08-27 11:30:00 AM,20.2,92.3,20.9,18.9,point
2025-08-27 12:00:00 PM,20.5,93.3,21.2,19.4,point
2025-08-27 12:30:00 PM,20.4,92.9,21.2,19.2,point
2025-08-27 01:00:00 PM,20.3,92.2,20.9,18.9,point
2025-08-27 01:30:00 PM,20.3,91.9,20.9,18.9,point
2025-08-27 02:00:00 PM,20.4,92.5,21.2,19.2,point
2025-08-27 02:30:00 PM,20.3,92.1,20.9,18.9,point
2025-08-27 03:00:00 PM,20.2,91.2,20.9,18.8,point
2025-08-27 03:30:00 PM,20.4,92.0,21.1,19.0,point
2025-08-27 04:00:00 PM,20.4,91.9,21.1,19.0,point
2025-08-27 04:30:00 PM,20.6,92.1,21.3,19.2,point
2025-08-27 05:00:00 PM,20.3,90.8,20.9,18.7,point
2025-08-27 05:30:00 PM,20.4,91.5,21.1,19.0,point
2025-08-27 06:00:00 PM,20.4,91.5,21.0,18.9,point
2025-08-27 06:30:00 PM,20.4,91.0,21.1,18.9,point
2025-08-27 07:00:00 PM,20.6,91.3,21.3,19.1,point
2025-08-27 07:30:00 PM,20.4,90.5,21.0,18.8,point
2025-08-27 08:00:00 PM,20.3,90.4,21.0,18.7,point
2025-08-27 08:30:00 PM,20.3,89.9,20.8,18.6,point
2025-08-27 09:00:00 PM,16.2,79.2,15.9,12.6,point
2025-08-27 09:30:00 PM,9.3,73.4,9.0,4.8,point
2025-08-27 10:00:00 PM,6.0,82.6,6.0,3.3,point
2025-08-27 10:30:00 PM,5.7,86.9,5.7,3.7,point
2025-08-27 11:00:00 PM,5.7,89.2,5.6,4.0,point
2025-08-27 11:30:00 PM,5.6,90.1,5.7,4.1,point
2025-08-28 12:00:00 AM,5.6,90.6,5.7,4.2,point
2025-08-28 12:30:00 AM,5.5,90.6,5.5,4.0,point
2025-08-28 01:00:00 AM,5.5,91.1,5.5,4.1,point
2025-08-28 01:30:00 AM,5.4,91.4,5.5,4.2,point
2025-08-28 02:00:00 AM,5.5,91.2,5.6,4.2,point
2025-08-28 02:30:00 AM,5.5,91.7,5.5,4.2,point
2025-08-28 03:00:00 AM,5.4,91.6,5.5,4.2,point
2025-08-28 03:30:00 AM,5.4,91.4,5.5,4.1,point
2025-08-28 04:00:00 AM,5.4,91.9,5.5,4.2,point
2025-08-28 04:30:00 AM,5.4,92.1,5.5,4.3,point
2025-08-28 05:00:00 AM,5.5,92.0,5.5,4.3,point
2025-08-28 05:30:00 AM,5.4,92.1,5.5,4.2,point
2025-08-28 06:00:00 AM,5.3,91.7,5.4,4.1,point
2025-08-28 06:30:00 AM,5.5,92.2,5.5,4.3,point
2025-08-28 07:00:00 AM,5.5,92.5,5.5,4.4,point
2025-08-28 07:30:00 AM,5.3,92.4,5.4,4.2,point
2025-08-28 08:00:00 AM,9.4,100.0,9.8,9.4,point
2025-08-28 08:30:00 AM,17.0,100.0,17.7,17.0,point
2025-08-28 09:00:00 AM,20.3,100.0,21.3,20.3,point
2025-08-28 09:30:00 AM,20.1,94.8,20.8,19.2,point
2025-08-28 10:00:00 AM,20.2,93.8,20.8,19.1,point
2025-08-28 10:30:00 AM,20.2,93.3,20.9,19.1,point
2025-08-28 11:00:00 AM,20.2,92.8,20.8,19.0,point
2025-08-28 11:30:00 AM,20.2,92.2,20.9,18.9,point
2025-08-28 12:00:00 PM,20.4,92.8,21.2,19.2,point
2025-08-28 12:30:00 PM,20.3,92.0,20.9,18.9,point
2025-08-28 01:00:00 PM,20.3,91.7,20.9,18.9,point
2025-08-28 01:30:00 PM,20.2,91.5,20.9,18.8,point
2025-08-28 02:00:00 PM,20.5,91.5,21.3,19.1,point
2025-08-28 02:30:00 PM,20.4,90.1,21.1,18.8,point
2025-08-28 03:00:00 PM,20.6,90.6,21.4,19.1,point
2025-08-28 03:30:00 PM,20.8,90.5,21.5,19.1,point
2025-08-28 04:00:00 PM,20.6,89.9,21.2,18.9,point
2025-08-28 04:30:00 PM,20.7,90.2,21.5,19.1,point
2025-08-28 05:00:00 PM,20.9,90.1,21.6,19.2,point
2025-08-28 05:30:00 PM,20.8,90.0,21.5,19.1,point
2025-08-28 06:00:00 PM,20.7,89.0,21.3,18.8,point
2025-08-28 06:30:00 PM,20.6,89.1,21.3,18.8,point
2025-08-28 07:00:00 PM,20.6,89.4,21.2,18.8,point
2025-08-28 07:30:00 PM,20.6,89.0,21.3,18.8,point
2025-08-28 08:00:00 PM,20.7,89.4,21.3,18.9,point
2025-08-28 08:30:00 PM,20.6,88.6,21.2,18.6,point
2025-08-28 09:00:00 PM,15.7,78.3,15.4,11.9,point
2025-08-28 09:30:00 PM,8.9,72.8,8.5,4.3,point
2025-08-28 10:00:00 PM,6.0,82.8,6.0,3.3,point
2025-08-28 10:30:00 PM,5.6,87.4,5.6,3.7,point
2025-08-28 11:00:00 PM,5.6,89.2,5.5,3.9,point
2025-08-28 11:30:00 PM,5.4,89.6,5.4,3.8,point
2025-08-29 12:00:00 AM,5.4,90.2,5.5,3.9,point
2025-08-29 12:30:00 AM,5.4,90.5,5.5,4.0,point
2025-08-29 01:00:00 AM,5.4,90.5,5.5,4.0,point
2025-08-29 01:30:00 AM,5.3,90.3,5.3,3.8,point
2025-08-29 02:00:00 AM,5.3,90.7,5.3,3.9,point
2025-08-29 02:30:00 AM,5.3,91.1,5.4,4.0,point
2025-08-29 03:00:00 AM,5.4,91.1,5.4,4.0,point
2025-08-29 03:30:00 AM,5.3,91.2,5.4,4.0,point
2025-08-29 04:00:00 AM,5.4,91.0,5.5,4.1,point
2025-08-29 04:30:00 AM,5.4,91.0,5.5,4.0,point
2025-08-29 05:00:00 AM,5.4,91.2,5.5,4.1,point
2025-08-29 05:30:00 AM,5.4,91.4,5.4,4.1,point
2025-08-29 06:00:00 AM,5.5,91.5,5.5,4.2,point
2025-08-29 06:30:00 AM,5.5,91.4,5.5,4.2,point
2025-08-29 07:00:00 AM,5.4,91.2,5.5,4.1,point
2025-08-29 07:30:00 AM,5.4,91.0,5.5,4.0,point
2025-08-29 08:00:00 AM,10.1,100.0,10.4,10.1,point
2025-08-29 08:30:00 AM,16.6,100.0,17.4,16.6,point
2025-08-29 09:00:00 AM,20.8,100.0,21.9,20.8,point
2025-08-29 09:30:00 AM,20.8,92.6,21.5,19.5,point
2025-08-29 10:00:00 AM,20.9,92.5,21.8,19.6,point
2025-08-29 10:30:00 AM,20.6,91.7,21.4,19.2,point
2025-08-29 11:00:00 AM,21.1,91.9,22.0,19.7,point
2025-08-29 11:30:00 AM,20.9,91.6,21.6,19.5,point
2025-08-29 12:00:00 PM,20.9,91.9,21.6,19.5,point
2025-08-29 12:30:00 PM,20.6,91.0,21.4,19.1,point
2025-08-29 01:00:00 PM,20.8,90.5,21.6,19.2,point
2025-08-29 01:30:00 PM,20.6,90.7,21.4,19.1,point
2025-08-29 02:00:00 PM,20.6,90.8,21.3,19.0,point
2025-08-29 02:30:00 PM,20.8,90.5,21.5,19.2,point
2025-08-29 03:00:00 PM,20.6,90.9,21.3,19.0,point
2025-08-29 03:30:00 PM,21.2,92.3,22.1,19.9,point
2025-08-29 04:00:00 PM,23.2,86.8,24.4,20.8,point
2025-08-29 04:30:00 PM,20.5,87.0,21.0,18.2,point
2025-08-29 05:00:00 PM,22.4,89.1,23.6,20.5,point
2025-08-29 05:30:00 PM,22.5,89.0,23.7,20.6,point
2025-08-29 06:00:00 PM,22.2,89.0,23.2,20.3,point
2025-08-29 06:30:00 PM,22.5,88.0,23.5,20.4,point
2025-08-29 07:00:00 PM,22.2,88.6,23.3,20.3,point
2025-08-29 07:30:00 PM,22.2,88.7,23.2,20.2,point
2025-08-29 08:00:00 PM,22.4,88.4,23.4,20.4,point
2025-08-29 08:30:00 PM,22.1,88.9,23.0,20.1,point
2025-08-29 09:00:00 PM,16.3,75.1,15.8,11.8,point
2025-08-29 09:30:00 PM,9.1,71.7,8.8,4.3,point
2025-08-29 10:00:00 PM,6.4,83.9,6.4,3.9,point
2025-08-29 10:30:00 PM,6.0,87.1,6.0,4.0,point
2025-08-29 11:00:00 PM,5.8,87.9,5.7,3.9,point
2025-08-29 11:30:00 PM,5.7,89.5,5.6,4.1,point
2025-08-30 12:00:00 AM,5.7,90.8,5.8,4.3,point
2025-08-30 12:30:00 AM,5.6,90.5,5.6,4.1,point
2025-08-30 01:00:00 AM,5.4,90.6,5.5,4.0,point
2025-08-30 01:30:00 AM,5.3,90.4,5.4,3.9,point
2025-08-30 02:00:00 AM,5.4,90.7,5.5,4.0,point
2025-08-30 02:30:00 AM,5.4,91.4,5.5,4.1,point
2025-08-30 03:00:00 AM,5.4,91.3,5.5,4.1,point
2025-08-30 03:30:00 AM,5.3,90.6,5.4,3.9,point
2025-08-30 04:00:00 AM,5.4,91.1,5.5,4.1,point
2025-08-30 04:30:00 AM,5.4,91.4,5.5,4.2,point
2025-08-30 05:00:00 AM,5.4,91.2,5.5,4.1,point
2025-08-30 05:30:00 AM,5.3,91.4,5.4,4.0,point
2025-08-30 06:00:00 AM,5.5,91.4,5.5,4.2,point
2025-08-30 06:30:00 AM,5.4,91.3,5.5,4.1,point
2025-08-30 07:00:00 AM,5.5,91.7,5.5,4.2,point
2025-08-30 07:30:00 AM,5.5,91.7,5.6,4.3,point
2025-08-30 08:00:00 AM,9.5,100.0,9.9,9.5,point
2025-08-30 08:30:00 AM,16.3,100.0,17.1,16.3,point
2025-08-30 09:00:00 AM,21.1,100.0,22.1,21.1,point
2025-08-30 09:30:00 AM,21.7,93.0,22.6,20.5,point
2025-08-30 10:00:00 AM,21.7,91.5,22.6,20.2,point
2025-08-30 10:30:00 AM,21.7,90.9,22.6,20.1,point
2025-08-30 11:00:00 AM,22.1,90.6,23.3,20.5,point
2025-08-30 11:30:00 AM,21.9,90.8,23.0,20.4,point
2025-08-30 12:00:00 PM,21.9,90.2,22.9,20.2,point
2025-08-30 12:30:00 PM,21.9,90.6,22.9,20.3,point
2025-08-30 01:00:00 PM,22.2,89.4,23.3,20.4,point
2025-08-30 01:30:00 PM,21.7,90.0,22.6,20.0,point
2025-08-30 02:00:00 PM,21.9,89.7,22.8,20.1,point
2025-08-30 02:30:00 PM,21.8,90.1,22.9,20.1,point
2025-08-30 03:00:00 PM,21.9,89.7,22.9,20.2,point
2025-08-30 03:30:00 PM,22.1,89.6,23.0,20.3,point
2025-08-30 04:00:00 PM,22.0,89.2,23.0,20.2,point
2025-08-30 04:30:00 PM,22.0,89.8,22.9,20.2,point
2025-08-30 05:00:00 PM,21.5,89.0,22.4,19.6,point
2025-08-30 05:30:00 PM,21.9,88.9,22.9,20.0,point
2025-08-30 06:00:00 PM,21.6,87.7,22.5,19.5,point
2025-08-30 06:30:00 PM,21.8,88.1,22.7,19.8,point
2025-08-30 07:00:00 PM,22.3,88.1,23.3,20.2,point
2025-08-30 07:30:00 PM,22.3,87.9,23.4,20.2,point
2025-08-30 08:00:00 PM,22.3,88.3,23.4,20.3,point
2025-08-30 08:30:00 PM,22.2,87.6,23.3,20.1,point
2025-08-30 09:00:00 PM,16.4,74.7,15.9,11.9,point
2025-08-30 09:30:00 PM,9.4,72.1,9.0,4.6,point
2025-08-30 10:00:00 PM,6.6,83.3,6.5,4.0,point
2025-08-30 10:30:00 PM,6.1,86.3,6.1,4.0,point
2025-08-30 11:00:00 PM,5.9,87.2,5.9,4.0,point
2025-08-30 11:30:00 PM,5.8,88.9,5.7,4.1,point
2025-08-31 12:00:00 AM,5.7,89.0,5.6,4.0,point
2025-08-31 12:30:00 AM,5.6,89.0,5.5,3.9,point
2025-08-31 01:00:00 AM,5.6,89.3,5.5,4.0,point
2025-08-31 01:30:00 AM,5.6,90.0,5.5,4.1,point
2025-08-31 02:00:00 AM,5.6,90.4,5.6,4.1,point
2025-08-31 02:30:00 AM,5.5,90.6,5.6,4.1,point
2025-08-31 03:00:00 AM,5.6,90.6,5.6,4.2,point
2025-08-31 03:30:00 AM,5.4,90.7,5.5,4.0,point
2025-08-31 04:00:00 AM,5.4,90.6,5.5,4.0,point
2025-08-31 04:30:00 AM,5.4,91.2,5.4,4.1,point
2025-08-31 05:00:00 AM,5.5,91.2,5.5,4.2,point
2025-08-31 05:30:00 AM,5.4,91.3,5.5,4.1,point
2025-08-31 06:00:00 AM,5.5,91.3,5.5,4.2,point
2025-08-31 06:30:00 AM,5.5,91.4,5.5,4.2,point
2025-08-31 07:00:00 AM,5.6,91.7,5.6,4.3,point
2025-08-31 07:30:00 AM,5.5,91.4,5.6,4.2,point
2025-08-31 08:00:00 AM,9.7,100.0,10.1,9.7,point
2025-08-31 08:30:00 AM,17.5,100.0,18.3,17.5,point
2025-08-31 09:00:00 AM,21.2,100.0,22.3,21.2,point
2025-08-31 09:30:00 AM,21.6,92.8,22.6,20.4,point
2025-08-31 10:00:00 AM,21.9,91.9,22.9,20.5,point
2025-08-31 10:30:00 AM,21.6,90.7,22.6,20.0,point
2025-08-31 11:00:00 AM,22.0,90.7,23.0,20.4,point
2025-08-31 11:30:00 AM,21.3,90.1,22.2,19.6,point
2025-08-31 12:00:00 PM,21.8,89.3,22.8,20.0,point
2025-08-31 12:30:00 PM,22.1,89.9,23.2,20.4,point
2025-08-31 01:00:00 PM,22.1,89.8,23.0,20.3,point
2025-08-31 01:30:00 PM,22.3,90.1,23.5,20.6,point
2025-08-31 02:00:00 PM,21.7,89.5,22.6,19.9,point
2025-08-31 02:30:00 PM,21.6,88.9,22.5,19.7,point
2025-08-31 03:00:00 PM,22.1,89.5,23.2,20.3,point
2025-08-31 03:30:00 PM,22.0,89.1,22.9,20.1,point
2025-08-31 04:00:00 PM,22.0,88.1,22.9,19.9,point
2025-08-31 04:30:00 PM,21.9,87.9,22.7,19.8,point
2025-08-31 05:00:00 PM,22.0,86.8,22.9,19.7,point
2025-08-31 05:30:00 PM,22.1,88.0,23.0,20.0,point
2025-08-31 06:00:00 PM,22.1,86.7,23.0,19.8,point
2025-08-31 06:30:00 PM,21.9,86.0,22.6,19.4,point
2025-08-31 07:00:00 PM,22.1,86.2,23.0,19.7,point
2025-08-31 07:30:00 PM,22.2,86.5,23.1,19.8,point
2025-08-31 08:00:00 PM,22.4,85.7,23.3,19.9,point
2025-08-31 08:30:00 PM,22.1,85.7,22.9,19.5,point
2025-08-31 09:00:00 PM,17.1,74.5,16.5,12.5,point
2025-08-31 09:30:00 PM,9.4,71.6,9.0,4.6,point
2025-08-31 10:00:00 PM,6.5,82.7,6.5,3.8,point
2025-08-31 10:30:00 PM,6.1,85.5,6.1,3.9,point
2025-08-31 11:00:00 PM,5.8,86.8,5.8,3.8,point
2025-08-31 11:30:00 PM,5.7,88.1,5.7,3.9,point
2025-09-01 12:00:00 AM,5.8,88.8,5.7,4.0,point
2025-09-01 12:30:00 AM,5.6,89.2,5.6,4.0,point
2025-09-01 01:00:00 AM,5.7,89.5,5.6,4.1,point
2025-09-01 01:30:00 AM,5.6,89.2,5.5,3.9,point
2025-09-01 02:00:00 AM,5.6,90.1,5.7,4.1,point
2025-09-01 02:30:00 AM,5.7,90.3,5.8,4.2,point
2025-09-01 03:00:00 AM,5.6,89.8,5.6,4.1,point
2025-09-01 03:30:00 AM,5.6,90.7,5.7,4.2,point
2025-09-01 04:00:00 AM,5.8,90.5,5.8,4.3,point
2025-09-01 04:30:00 AM,5.7,90.5,5.7,4.2,point
2025-09-01 05:00:00 AM,5.8,91.2,5.9,4.5,point
2025-09-01 05:30:00 AM,5.7,90.3,5.7,4.2,point
2025-09-01 06:00:00 AM,5.6,90.5,5.7,4.2,point
2025-09-01 06:30:00 AM,5.7,91.0,5.7,4.3,point
2025-09-01 07:00:00 AM,5.6,91.0,5.6,4.2,point
2025-09-01 07:30:00 AM,5.6,91.2,5.7,4.3,point
2025-09-01 08:00:00 AM,9.9,100.0,10.3,9.9,point
2025-09-01 08:30:00 AM,16.4,100.0,17.1,16.4,point
2025-09-01 09:00:00 AM,21.2,100.0,22.2,21.2,point
2025-09-01 09:30:00 AM,21.4,91.9,22.2,20.0,point
2025-09-01 10:00:00 AM,21.8,91.1,22.7,20.2,point
2025-09-01 10:30:00 AM,22.1,90.7,23.3,20.5,point
2025-09-01 11:00:00 AM,21.5,90.1,22.5,19.8,point
2025-09-01 11:30:00 AM,22.0,90.1,23.1,20.3,point
2025-09-01 12:00:00 PM,21.7,89.2,22.6,19.9,point
2025-09-01 12:30:00 PM,21.9,90.0,22.9,20.1,point
2025-09-01 01:00:00 PM,21.9,89.7,22.8,20.1,point
2025-09-01 01:30:00 PM,21.9,89.8,22.9,20.2,point
2025-09-01 02:00:00 PM,21.7,89.5,22.5,19.9,point
2025-09-01 02:30:00 PM,21.9,89.3,22.9,20.1,point
2025-09-01 03:00:00 PM,21.9,88.9,22.8,20.0,point
2025-09-01 03:30:00 PM,22.1,89.0,23.2,20.2,point